#include <complex.h>

const float complex h2c[27][ 9] = { 
    {  -3.447741e-04f  +5.971663e-04f * _Complex_I,  -3.852169e-04f  -6.604565e-19f * _Complex_I,  -5.888768e-06f  -1.019964e-05f * _Complex_I,  -1.464945e-04f  +2.537359e-04f * _Complex_I,  -4.101753e-04f  +8.042196e-19f * _Complex_I,  -1.464945e-04f  -2.537359e-04f * _Complex_I,  -5.888768e-06f  +1.019964e-05f * _Complex_I,  -3.852169e-04f  -5.661056e-19f * _Complex_I,  -3.447741e-04f  -5.971663e-04f * _Complex_I  },
    {   3.609373e-04f  -6.251618e-04f * _Complex_I,   3.164414e-04f  -6.204381e-19f * _Complex_I,  -8.510330e-05f  -1.474032e-04f * _Complex_I,   2.819591e-04f  -4.883675e-04f * _Complex_I,   7.147984e-04f  +1.050451e-18f * _Complex_I,   2.819591e-04f  +4.883675e-04f * _Complex_I,  -8.510330e-05f  +1.474032e-04f * _Complex_I,   3.164414e-04f  +1.550508e-18f * _Complex_I,   3.609373e-04f  +6.251618e-04f * _Complex_I  },
    {  -3.344257e-04f  +5.792424e-04f * _Complex_I,  -1.319595e-04f  -1.939245e-19f * _Complex_I,   2.483230e-04f  +4.301081e-04f * _Complex_I,  -5.000331e-04f  +8.660827e-04f * _Complex_I,  -1.192227e-03f  -5.841704e-18f * _Complex_I,  -5.000331e-04f  -8.660827e-04f * _Complex_I,   2.483230e-04f  -4.301081e-04f * _Complex_I,  -1.319595e-04f  -1.616038e-19f * _Complex_I,  -3.344257e-04f  -5.792424e-04f * _Complex_I  },
    {   2.501045e-04f  -4.331937e-04f * _Complex_I,  -2.025925e-04f  -9.926680e-19f * _Complex_I,  -5.023736e-04f  -8.701366e-04f * _Complex_I,   8.201332e-04f  -1.420512e-03f * _Complex_I,   1.881819e-03f  +2.304563e-18f * _Complex_I,   8.201332e-04f  +1.420512e-03f * _Complex_I,  -5.023736e-04f  +8.701366e-04f * _Complex_I,  -2.025925e-04f  -2.232939e-19f * _Complex_I,   2.501045e-04f  +4.331937e-04f * _Complex_I  },
    {  -9.601009e-05f  +1.662944e-04f * _Complex_I,   7.129951e-04f  +8.731672e-19f * _Complex_I,   8.605067e-04f  +1.490441e-03f * _Complex_I,  -1.255560e-03f  +2.174693e-03f * _Complex_I,  -2.810139e-03f  -3.097285e-18f * _Complex_I,  -1.255560e-03f  -2.174693e-03f * _Complex_I,   8.605067e-04f  -1.490441e-03f * _Complex_I,   7.129951e-04f  +6.985338e-19f * _Complex_I,  -9.601009e-05f  -1.662944e-04f * _Complex_I  },
    {  -1.336702e-04f  +2.315235e-04f * _Complex_I,  -1.409372e-03f  -1.553385e-18f * _Complex_I,  -1.326637e-03f  -2.297802e-03f * _Complex_I,   1.809219e-03f  -3.133659e-03f * _Complex_I,   3.982203e-03f  +3.901434e-18f * _Complex_I,   1.809219e-03f  +3.133659e-03f * _Complex_I,  -1.326637e-03f  +2.297802e-03f * _Complex_I,  -1.409372e-03f  -1.208188e-18f * _Complex_I,  -1.336702e-04f  -2.315235e-04f * _Complex_I  },
    {   4.359774e-04f  -7.551351e-04f * _Complex_I,   2.280069e-03f  +2.233824e-18f * _Complex_I,   1.891937e-03f  +3.276931e-03f * _Complex_I,  -2.470002e-03f  +4.278169e-03f * _Complex_I,  -5.374089e-03f  -4.606953e-18f * _Complex_I,  -2.470002e-03f  -4.278169e-03f * _Complex_I,   1.891937e-03f  -3.276931e-03f * _Complex_I,   2.280069e-03f  +1.675368e-18f * _Complex_I,   4.359774e-04f  +7.551351e-04f * _Complex_I  },
    {  -7.975674e-04f  +1.381427e-03f * _Complex_I,  -3.288019e-03f  -2.818664e-18f * _Complex_I,  -2.532893e-03f  -4.387099e-03f * _Complex_I,   3.210767e-03f  -5.561212e-03f * _Complex_I,   6.928852e-03f  +5.091238e-18f * _Complex_I,   3.210767e-03f  +5.561212e-03f * _Complex_I,  -2.532893e-03f  +4.387099e-03f * _Complex_I,  -3.288019e-03f  -2.013331e-18f * _Complex_I,  -7.975674e-04f  -1.381427e-03f * _Complex_I  },
    {   1.194663e-03f  -2.069217e-03f * _Complex_I,   4.370926e-03f  +3.211704e-18f * _Complex_I,   3.211542e-03f  +5.562554e-03f * _Complex_I,  -3.988702e-03f  +6.908635e-03f * _Complex_I,  -8.557346e-03f  -5.239863e-18f * _Complex_I,  -3.988702e-03f  -6.908635e-03f * _Complex_I,   3.211542e-03f  -5.562554e-03f * _Complex_I,   4.370926e-03f  +2.141136e-18f * _Complex_I,   1.194663e-03f  +2.069217e-03f * _Complex_I  },
    {  -1.594882e-03f  +2.762417e-03f * _Complex_I,  -5.445967e-03f  -3.334693e-18f * _Complex_I,  -3.878309e-03f  -6.717429e-03f * _Complex_I,   4.748493e-03f  -8.224632e-03f * _Complex_I,   1.014480e-02f  +4.969520e-18f * _Complex_I,   4.748493e-03f  +8.224632e-03f * _Complex_I,  -3.878309e-03f  +6.717429e-03f * _Complex_I,  -5.445967e-03f  -2.000816e-18f * _Complex_I,  -1.594882e-03f  -2.762417e-03f * _Complex_I  },
    {   1.960881e-03f  -3.396345e-03f * _Complex_I,   6.418850e-03f  +3.144330e-18f * _Complex_I,   4.477306e-03f  +7.754921e-03f * _Complex_I,  -5.428159e-03f  +9.401847e-03f * _Complex_I,  -1.156288e-02f  -4.248133e-18f * _Complex_I,  -5.428159e-03f  -9.401847e-03f * _Complex_I,   4.477306e-03f  -7.754921e-03f * _Complex_I,   6.418850e-03f  +1.572165e-18f * _Complex_I,   1.960881e-03f  +3.396345e-03f * _Complex_I  },
    {  -2.255323e-03f  +3.906334e-03f * _Complex_I,  -7.196027e-03f  -2.643777e-18f * _Complex_I,  -4.953413e-03f  -8.579562e-03f * _Complex_I,   5.966799e-03f  -1.033480e-02f * _Complex_I,   1.268564e-02f  +3.107085e-18f * _Complex_I,   5.966799e-03f  +1.033480e-02f * _Complex_I,  -4.953413e-03f  +8.579562e-03f * _Complex_I,  -7.196027e-03f  -8.812591e-19f * _Complex_I,  -2.255323e-03f  -3.906334e-03f * _Complex_I  },
    {   2.446355e-03f  -4.237211e-03f * _Complex_I,   7.698055e-03f  +1.885480e-18f * _Complex_I,   5.259998e-03f  +9.110584e-03f * _Complex_I,  -6.313012e-03f  +1.093446e-02f * _Complex_I,  -1.340685e-02f  -1.641866e-18f * _Complex_I,  -6.313012e-03f  -1.093446e-02f * _Complex_I,   5.259998e-03f  -9.110584e-03f * _Complex_I,   7.698055e-03f  +0.000000e+00f * _Complex_I,   2.446355e-03f  +4.237211e-03f * _Complex_I  },
    {  -2.512550e-03f  +4.351864e-03f * _Complex_I,  -7.871652e-03f  -9.639993e-19f * _Complex_I,  -5.365853e-03f  -9.293929e-03f * _Complex_I,   6.432442e-03f  -1.114132e-02f * _Complex_I,   1.365557e-02f  +0.000000e+00f * _Complex_I,   6.432442e-03f  +1.114132e-02f * _Complex_I,  -5.365853e-03f  +9.293929e-03f * _Complex_I,  -7.871652e-03f  +9.639993e-19f * _Complex_I,  -2.512550e-03f  -4.351864e-03f * _Complex_I  },
    {   2.446355e-03f  -4.237211e-03f * _Complex_I,   7.698055e-03f  +0.000000e+00f * _Complex_I,   5.259998e-03f  +9.110584e-03f * _Complex_I,  -6.313012e-03f  +1.093446e-02f * _Complex_I,  -1.340685e-02f  +1.641866e-18f * _Complex_I,  -6.313012e-03f  -1.093446e-02f * _Complex_I,   5.259998e-03f  -9.110584e-03f * _Complex_I,   7.698055e-03f  -1.885480e-18f * _Complex_I,   2.446355e-03f  +4.237211e-03f * _Complex_I  },
    {  -2.255323e-03f  +3.906334e-03f * _Complex_I,  -7.196027e-03f  +8.812591e-19f * _Complex_I,  -4.953413e-03f  -8.579562e-03f * _Complex_I,   5.966799e-03f  -1.033480e-02f * _Complex_I,   1.268564e-02f  -3.107085e-18f * _Complex_I,   5.966799e-03f  +1.033480e-02f * _Complex_I,  -4.953413e-03f  +8.579562e-03f * _Complex_I,  -7.196027e-03f  +2.643777e-18f * _Complex_I,  -2.255323e-03f  -3.906334e-03f * _Complex_I  },
    {   1.960881e-03f  -3.396345e-03f * _Complex_I,   6.418850e-03f  -1.572165e-18f * _Complex_I,   4.477306e-03f  +7.754921e-03f * _Complex_I,  -5.428159e-03f  +9.401847e-03f * _Complex_I,  -1.156288e-02f  +4.248133e-18f * _Complex_I,  -5.428159e-03f  -9.401847e-03f * _Complex_I,   4.477306e-03f  -7.754921e-03f * _Complex_I,   6.418850e-03f  -3.144330e-18f * _Complex_I,   1.960881e-03f  +3.396345e-03f * _Complex_I  },
    {  -1.594882e-03f  +2.762417e-03f * _Complex_I,  -5.445967e-03f  +2.000816e-18f * _Complex_I,  -3.878309e-03f  -6.717429e-03f * _Complex_I,   4.748493e-03f  -8.224632e-03f * _Complex_I,   1.014480e-02f  -4.969520e-18f * _Complex_I,   4.748493e-03f  +8.224632e-03f * _Complex_I,  -3.878309e-03f  +6.717429e-03f * _Complex_I,  -5.445967e-03f  +3.334693e-18f * _Complex_I,  -1.594882e-03f  -2.762417e-03f * _Complex_I  },
    {   1.194663e-03f  -2.069217e-03f * _Complex_I,   4.370926e-03f  -2.141136e-18f * _Complex_I,   3.211542e-03f  +5.562554e-03f * _Complex_I,  -3.988702e-03f  +6.908635e-03f * _Complex_I,  -8.557346e-03f  +5.239863e-18f * _Complex_I,  -3.988702e-03f  -6.908635e-03f * _Complex_I,   3.211542e-03f  -5.562554e-03f * _Complex_I,   4.370926e-03f  -3.211704e-18f * _Complex_I,   1.194663e-03f  +2.069217e-03f * _Complex_I  },
    {  -7.975674e-04f  +1.381427e-03f * _Complex_I,  -3.288019e-03f  +2.013331e-18f * _Complex_I,  -2.532893e-03f  -4.387099e-03f * _Complex_I,   3.210767e-03f  -5.561212e-03f * _Complex_I,   6.928852e-03f  -5.091238e-18f * _Complex_I,   3.210767e-03f  +5.561212e-03f * _Complex_I,  -2.532893e-03f  +4.387099e-03f * _Complex_I,  -3.288019e-03f  +2.818664e-18f * _Complex_I,  -7.975674e-04f  -1.381427e-03f * _Complex_I  },
    {   4.359774e-04f  -7.551351e-04f * _Complex_I,   2.280069e-03f  -1.675368e-18f * _Complex_I,   1.891937e-03f  +3.276931e-03f * _Complex_I,  -2.470002e-03f  +4.278169e-03f * _Complex_I,  -5.374089e-03f  +4.606953e-18f * _Complex_I,  -2.470002e-03f  -4.278169e-03f * _Complex_I,   1.891937e-03f  -3.276931e-03f * _Complex_I,   2.280069e-03f  -2.233824e-18f * _Complex_I,   4.359774e-04f  +7.551351e-04f * _Complex_I  },
    {  -1.336702e-04f  +2.315235e-04f * _Complex_I,  -1.409372e-03f  +1.208188e-18f * _Complex_I,  -1.326637e-03f  -2.297802e-03f * _Complex_I,   1.809219e-03f  -3.133659e-03f * _Complex_I,   3.982203e-03f  -3.901434e-18f * _Complex_I,   1.809219e-03f  +3.133659e-03f * _Complex_I,  -1.326637e-03f  +2.297802e-03f * _Complex_I,  -1.409372e-03f  +1.553385e-18f * _Complex_I,  -1.336702e-04f  -2.315235e-04f * _Complex_I  },
    {  -9.601009e-05f  +1.662944e-04f * _Complex_I,   7.129951e-04f  -6.985338e-19f * _Complex_I,   8.605067e-04f  +1.490441e-03f * _Complex_I,  -1.255560e-03f  +2.174693e-03f * _Complex_I,  -2.810139e-03f  +3.097285e-18f * _Complex_I,  -1.255560e-03f  -2.174693e-03f * _Complex_I,   8.605067e-04f  -1.490441e-03f * _Complex_I,   7.129951e-04f  -8.731672e-19f * _Complex_I,  -9.601009e-05f  -1.662944e-04f * _Complex_I  },
    {   2.501045e-04f  -4.331937e-04f * _Complex_I,  -2.025925e-04f  +2.232939e-19f * _Complex_I,  -5.023736e-04f  -8.701366e-04f * _Complex_I,   8.201332e-04f  -1.420512e-03f * _Complex_I,   1.881819e-03f  -2.304563e-18f * _Complex_I,   8.201332e-04f  +1.420512e-03f * _Complex_I,  -5.023736e-04f  +8.701366e-04f * _Complex_I,  -2.025925e-04f  +9.926680e-19f * _Complex_I,   2.501045e-04f  +4.331937e-04f * _Complex_I  },
    {  -3.344257e-04f  +5.792424e-04f * _Complex_I,  -1.319595e-04f  +1.616038e-19f * _Complex_I,   2.483230e-04f  +4.301081e-04f * _Complex_I,  -5.000331e-04f  +8.660827e-04f * _Complex_I,  -1.192227e-03f  +5.841704e-18f * _Complex_I,  -5.000331e-04f  -8.660827e-04f * _Complex_I,   2.483230e-04f  -4.301081e-04f * _Complex_I,  -1.319595e-04f  +1.939245e-19f * _Complex_I,  -3.344257e-04f  -5.792424e-04f * _Complex_I  },
    {   3.609373e-04f  -6.251618e-04f * _Complex_I,   3.164414e-04f  -1.550508e-18f * _Complex_I,  -8.510330e-05f  -1.474032e-04f * _Complex_I,   2.819591e-04f  -4.883675e-04f * _Complex_I,   7.147984e-04f  -1.050451e-18f * _Complex_I,   2.819591e-04f  +4.883675e-04f * _Complex_I,  -8.510330e-05f  +1.474032e-04f * _Complex_I,   3.164414e-04f  +6.204381e-19f * _Complex_I,   3.609373e-04f  +6.251618e-04f * _Complex_I  },
    {  -3.447741e-04f  +5.971663e-04f * _Complex_I,  -3.852169e-04f  +5.661056e-19f * _Complex_I,  -5.888768e-06f  -1.019964e-05f * _Complex_I,  -1.464945e-04f  +2.537359e-04f * _Complex_I,  -4.101753e-04f  -8.042196e-19f * _Complex_I,  -1.464945e-04f  -2.537359e-04f * _Complex_I,  -5.888768e-06f  +1.019964e-05f * _Complex_I,  -3.852169e-04f  +6.604565e-19f * _Complex_I,  -3.447741e-04f  -5.971663e-04f * _Complex_I  },
};
const float complex h3c[27][ 9] = { 
    {  -3.447741e-04f  -5.971663e-04f * _Complex_I,  -3.852169e-04f  -5.661056e-19f * _Complex_I,  -5.888768e-06f  +1.019964e-05f * _Complex_I,  -1.464945e-04f  -2.537359e-04f * _Complex_I,  -4.101753e-04f  +8.042196e-19f * _Complex_I,  -1.464945e-04f  +2.537359e-04f * _Complex_I,  -5.888768e-06f  -1.019964e-05f * _Complex_I,  -3.852169e-04f  -6.604565e-19f * _Complex_I,  -3.447741e-04f  +5.971663e-04f * _Complex_I  },
    {   3.609373e-04f  +6.251618e-04f * _Complex_I,   3.164414e-04f  +1.550508e-18f * _Complex_I,  -8.510330e-05f  +1.474032e-04f * _Complex_I,   2.819591e-04f  +4.883675e-04f * _Complex_I,   7.147984e-04f  +1.050451e-18f * _Complex_I,   2.819591e-04f  -4.883675e-04f * _Complex_I,  -8.510330e-05f  -1.474032e-04f * _Complex_I,   3.164414e-04f  -6.204381e-19f * _Complex_I,   3.609373e-04f  -6.251618e-04f * _Complex_I  },
    {  -3.344257e-04f  -5.792424e-04f * _Complex_I,  -1.319595e-04f  -1.616038e-19f * _Complex_I,   2.483230e-04f  -4.301081e-04f * _Complex_I,  -5.000331e-04f  -8.660827e-04f * _Complex_I,  -1.192227e-03f  -5.841704e-18f * _Complex_I,  -5.000331e-04f  +8.660827e-04f * _Complex_I,   2.483230e-04f  +4.301081e-04f * _Complex_I,  -1.319595e-04f  -1.939245e-19f * _Complex_I,  -3.344257e-04f  +5.792424e-04f * _Complex_I  },
    {   2.501045e-04f  +4.331937e-04f * _Complex_I,  -2.025925e-04f  -2.232939e-19f * _Complex_I,  -5.023736e-04f  +8.701366e-04f * _Complex_I,   8.201332e-04f  +1.420512e-03f * _Complex_I,   1.881819e-03f  +2.304563e-18f * _Complex_I,   8.201332e-04f  -1.420512e-03f * _Complex_I,  -5.023736e-04f  -8.701366e-04f * _Complex_I,  -2.025925e-04f  -9.926680e-19f * _Complex_I,   2.501045e-04f  -4.331937e-04f * _Complex_I  },
    {  -9.601009e-05f  -1.662944e-04f * _Complex_I,   7.129951e-04f  +6.985338e-19f * _Complex_I,   8.605067e-04f  -1.490441e-03f * _Complex_I,  -1.255560e-03f  -2.174693e-03f * _Complex_I,  -2.810139e-03f  -3.097285e-18f * _Complex_I,  -1.255560e-03f  +2.174693e-03f * _Complex_I,   8.605067e-04f  +1.490441e-03f * _Complex_I,   7.129951e-04f  +8.731672e-19f * _Complex_I,  -9.601009e-05f  +1.662944e-04f * _Complex_I  },
    {  -1.336702e-04f  -2.315235e-04f * _Complex_I,  -1.409372e-03f  -1.208188e-18f * _Complex_I,  -1.326637e-03f  +2.297802e-03f * _Complex_I,   1.809219e-03f  +3.133659e-03f * _Complex_I,   3.982203e-03f  +3.901434e-18f * _Complex_I,   1.809219e-03f  -3.133659e-03f * _Complex_I,  -1.326637e-03f  -2.297802e-03f * _Complex_I,  -1.409372e-03f  -1.553385e-18f * _Complex_I,  -1.336702e-04f  +2.315235e-04f * _Complex_I  },
    {   4.359774e-04f  +7.551351e-04f * _Complex_I,   2.280069e-03f  +1.675368e-18f * _Complex_I,   1.891937e-03f  -3.276931e-03f * _Complex_I,  -2.470002e-03f  -4.278169e-03f * _Complex_I,  -5.374089e-03f  -4.606953e-18f * _Complex_I,  -2.470002e-03f  +4.278169e-03f * _Complex_I,   1.891937e-03f  +3.276931e-03f * _Complex_I,   2.280069e-03f  +2.233824e-18f * _Complex_I,   4.359774e-04f  -7.551351e-04f * _Complex_I  },
    {  -7.975674e-04f  -1.381427e-03f * _Complex_I,  -3.288019e-03f  -2.013331e-18f * _Complex_I,  -2.532893e-03f  +4.387099e-03f * _Complex_I,   3.210767e-03f  +5.561212e-03f * _Complex_I,   6.928852e-03f  +5.091238e-18f * _Complex_I,   3.210767e-03f  -5.561212e-03f * _Complex_I,  -2.532893e-03f  -4.387099e-03f * _Complex_I,  -3.288019e-03f  -2.818664e-18f * _Complex_I,  -7.975674e-04f  +1.381427e-03f * _Complex_I  },
    {   1.194663e-03f  +2.069217e-03f * _Complex_I,   4.370926e-03f  +2.141136e-18f * _Complex_I,   3.211542e-03f  -5.562554e-03f * _Complex_I,  -3.988702e-03f  -6.908635e-03f * _Complex_I,  -8.557346e-03f  -5.239863e-18f * _Complex_I,  -3.988702e-03f  +6.908635e-03f * _Complex_I,   3.211542e-03f  +5.562554e-03f * _Complex_I,   4.370926e-03f  +3.211704e-18f * _Complex_I,   1.194663e-03f  -2.069217e-03f * _Complex_I  },
    {  -1.594882e-03f  -2.762417e-03f * _Complex_I,  -5.445967e-03f  -2.000816e-18f * _Complex_I,  -3.878309e-03f  +6.717429e-03f * _Complex_I,   4.748493e-03f  +8.224632e-03f * _Complex_I,   1.014480e-02f  +4.969520e-18f * _Complex_I,   4.748493e-03f  -8.224632e-03f * _Complex_I,  -3.878309e-03f  -6.717429e-03f * _Complex_I,  -5.445967e-03f  -3.334693e-18f * _Complex_I,  -1.594882e-03f  +2.762417e-03f * _Complex_I  },
    {   1.960881e-03f  +3.396345e-03f * _Complex_I,   6.418850e-03f  +1.572165e-18f * _Complex_I,   4.477306e-03f  -7.754921e-03f * _Complex_I,  -5.428159e-03f  -9.401847e-03f * _Complex_I,  -1.156288e-02f  -4.248133e-18f * _Complex_I,  -5.428159e-03f  +9.401847e-03f * _Complex_I,   4.477306e-03f  +7.754921e-03f * _Complex_I,   6.418850e-03f  +3.144330e-18f * _Complex_I,   1.960881e-03f  -3.396345e-03f * _Complex_I  },
    {  -2.255323e-03f  -3.906334e-03f * _Complex_I,  -7.196027e-03f  -8.812591e-19f * _Complex_I,  -4.953413e-03f  +8.579562e-03f * _Complex_I,   5.966799e-03f  +1.033480e-02f * _Complex_I,   1.268564e-02f  +3.107085e-18f * _Complex_I,   5.966799e-03f  -1.033480e-02f * _Complex_I,  -4.953413e-03f  -8.579562e-03f * _Complex_I,  -7.196027e-03f  -2.643777e-18f * _Complex_I,  -2.255323e-03f  +3.906334e-03f * _Complex_I  },
    {   2.446355e-03f  +4.237211e-03f * _Complex_I,   7.698055e-03f  +0.000000e+00f * _Complex_I,   5.259998e-03f  -9.110584e-03f * _Complex_I,  -6.313012e-03f  -1.093446e-02f * _Complex_I,  -1.340685e-02f  -1.641866e-18f * _Complex_I,  -6.313012e-03f  +1.093446e-02f * _Complex_I,   5.259998e-03f  +9.110584e-03f * _Complex_I,   7.698055e-03f  +1.885480e-18f * _Complex_I,   2.446355e-03f  -4.237211e-03f * _Complex_I  },
    {  -2.512550e-03f  -4.351864e-03f * _Complex_I,  -7.871652e-03f  +9.639993e-19f * _Complex_I,  -5.365853e-03f  +9.293929e-03f * _Complex_I,   6.432442e-03f  +1.114132e-02f * _Complex_I,   1.365557e-02f  +0.000000e+00f * _Complex_I,   6.432442e-03f  -1.114132e-02f * _Complex_I,  -5.365853e-03f  -9.293929e-03f * _Complex_I,  -7.871652e-03f  -9.639993e-19f * _Complex_I,  -2.512550e-03f  +4.351864e-03f * _Complex_I  },
    {   2.446355e-03f  +4.237211e-03f * _Complex_I,   7.698055e-03f  -1.885480e-18f * _Complex_I,   5.259998e-03f  -9.110584e-03f * _Complex_I,  -6.313012e-03f  -1.093446e-02f * _Complex_I,  -1.340685e-02f  +1.641866e-18f * _Complex_I,  -6.313012e-03f  +1.093446e-02f * _Complex_I,   5.259998e-03f  +9.110584e-03f * _Complex_I,   7.698055e-03f  +0.000000e+00f * _Complex_I,   2.446355e-03f  -4.237211e-03f * _Complex_I  },
    {  -2.255323e-03f  -3.906334e-03f * _Complex_I,  -7.196027e-03f  +2.643777e-18f * _Complex_I,  -4.953413e-03f  +8.579562e-03f * _Complex_I,   5.966799e-03f  +1.033480e-02f * _Complex_I,   1.268564e-02f  -3.107085e-18f * _Complex_I,   5.966799e-03f  -1.033480e-02f * _Complex_I,  -4.953413e-03f  -8.579562e-03f * _Complex_I,  -7.196027e-03f  +8.812591e-19f * _Complex_I,  -2.255323e-03f  +3.906334e-03f * _Complex_I  },
    {   1.960881e-03f  +3.396345e-03f * _Complex_I,   6.418850e-03f  -3.144330e-18f * _Complex_I,   4.477306e-03f  -7.754921e-03f * _Complex_I,  -5.428159e-03f  -9.401847e-03f * _Complex_I,  -1.156288e-02f  +4.248133e-18f * _Complex_I,  -5.428159e-03f  +9.401847e-03f * _Complex_I,   4.477306e-03f  +7.754921e-03f * _Complex_I,   6.418850e-03f  -1.572165e-18f * _Complex_I,   1.960881e-03f  -3.396345e-03f * _Complex_I  },
    {  -1.594882e-03f  -2.762417e-03f * _Complex_I,  -5.445967e-03f  +3.334693e-18f * _Complex_I,  -3.878309e-03f  +6.717429e-03f * _Complex_I,   4.748493e-03f  +8.224632e-03f * _Complex_I,   1.014480e-02f  -4.969520e-18f * _Complex_I,   4.748493e-03f  -8.224632e-03f * _Complex_I,  -3.878309e-03f  -6.717429e-03f * _Complex_I,  -5.445967e-03f  +2.000816e-18f * _Complex_I,  -1.594882e-03f  +2.762417e-03f * _Complex_I  },
    {   1.194663e-03f  +2.069217e-03f * _Complex_I,   4.370926e-03f  -3.211704e-18f * _Complex_I,   3.211542e-03f  -5.562554e-03f * _Complex_I,  -3.988702e-03f  -6.908635e-03f * _Complex_I,  -8.557346e-03f  +5.239863e-18f * _Complex_I,  -3.988702e-03f  +6.908635e-03f * _Complex_I,   3.211542e-03f  +5.562554e-03f * _Complex_I,   4.370926e-03f  -2.141136e-18f * _Complex_I,   1.194663e-03f  -2.069217e-03f * _Complex_I  },
    {  -7.975674e-04f  -1.381427e-03f * _Complex_I,  -3.288019e-03f  +2.818664e-18f * _Complex_I,  -2.532893e-03f  +4.387099e-03f * _Complex_I,   3.210767e-03f  +5.561212e-03f * _Complex_I,   6.928852e-03f  -5.091238e-18f * _Complex_I,   3.210767e-03f  -5.561212e-03f * _Complex_I,  -2.532893e-03f  -4.387099e-03f * _Complex_I,  -3.288019e-03f  +2.013331e-18f * _Complex_I,  -7.975674e-04f  +1.381427e-03f * _Complex_I  },
    {   4.359774e-04f  +7.551351e-04f * _Complex_I,   2.280069e-03f  -2.233824e-18f * _Complex_I,   1.891937e-03f  -3.276931e-03f * _Complex_I,  -2.470002e-03f  -4.278169e-03f * _Complex_I,  -5.374089e-03f  +4.606953e-18f * _Complex_I,  -2.470002e-03f  +4.278169e-03f * _Complex_I,   1.891937e-03f  +3.276931e-03f * _Complex_I,   2.280069e-03f  -1.675368e-18f * _Complex_I,   4.359774e-04f  -7.551351e-04f * _Complex_I  },
    {  -1.336702e-04f  -2.315235e-04f * _Complex_I,  -1.409372e-03f  +1.553385e-18f * _Complex_I,  -1.326637e-03f  +2.297802e-03f * _Complex_I,   1.809219e-03f  +3.133659e-03f * _Complex_I,   3.982203e-03f  -3.901434e-18f * _Complex_I,   1.809219e-03f  -3.133659e-03f * _Complex_I,  -1.326637e-03f  -2.297802e-03f * _Complex_I,  -1.409372e-03f  +1.208188e-18f * _Complex_I,  -1.336702e-04f  +2.315235e-04f * _Complex_I  },
    {  -9.601009e-05f  -1.662944e-04f * _Complex_I,   7.129951e-04f  -8.731672e-19f * _Complex_I,   8.605067e-04f  -1.490441e-03f * _Complex_I,  -1.255560e-03f  -2.174693e-03f * _Complex_I,  -2.810139e-03f  +3.097285e-18f * _Complex_I,  -1.255560e-03f  +2.174693e-03f * _Complex_I,   8.605067e-04f  +1.490441e-03f * _Complex_I,   7.129951e-04f  -6.985338e-19f * _Complex_I,  -9.601009e-05f  +1.662944e-04f * _Complex_I  },
    {   2.501045e-04f  +4.331937e-04f * _Complex_I,  -2.025925e-04f  +9.926680e-19f * _Complex_I,  -5.023736e-04f  +8.701366e-04f * _Complex_I,   8.201332e-04f  +1.420512e-03f * _Complex_I,   1.881819e-03f  -2.304563e-18f * _Complex_I,   8.201332e-04f  -1.420512e-03f * _Complex_I,  -5.023736e-04f  -8.701366e-04f * _Complex_I,  -2.025925e-04f  +2.232939e-19f * _Complex_I,   2.501045e-04f  -4.331937e-04f * _Complex_I  },
    {  -3.344257e-04f  -5.792424e-04f * _Complex_I,  -1.319595e-04f  +1.939245e-19f * _Complex_I,   2.483230e-04f  -4.301081e-04f * _Complex_I,  -5.000331e-04f  -8.660827e-04f * _Complex_I,  -1.192227e-03f  +5.841704e-18f * _Complex_I,  -5.000331e-04f  +8.660827e-04f * _Complex_I,   2.483230e-04f  +4.301081e-04f * _Complex_I,  -1.319595e-04f  +1.616038e-19f * _Complex_I,  -3.344257e-04f  +5.792424e-04f * _Complex_I  },
    {   3.609373e-04f  +6.251618e-04f * _Complex_I,   3.164414e-04f  +6.204381e-19f * _Complex_I,  -8.510330e-05f  +1.474032e-04f * _Complex_I,   2.819591e-04f  +4.883675e-04f * _Complex_I,   7.147984e-04f  -1.050451e-18f * _Complex_I,   2.819591e-04f  -4.883675e-04f * _Complex_I,  -8.510330e-05f  -1.474032e-04f * _Complex_I,   3.164414e-04f  -1.550508e-18f * _Complex_I,   3.609373e-04f  -6.251618e-04f * _Complex_I  },
    {  -3.447741e-04f  -5.971663e-04f * _Complex_I,  -3.852169e-04f  +6.604565e-19f * _Complex_I,  -5.888768e-06f  +1.019964e-05f * _Complex_I,  -1.464945e-04f  -2.537359e-04f * _Complex_I,  -4.101753e-04f  -8.042196e-19f * _Complex_I,  -1.464945e-04f  +2.537359e-04f * _Complex_I,  -5.888768e-06f  -1.019964e-05f * _Complex_I,  -3.852169e-04f  +5.661056e-19f * _Complex_I,  -3.447741e-04f  +5.971663e-04f * _Complex_I  },
};
const float complex h5c[ 9][ 9] = { 
    {  -1.999944e-03f  +3.464005e-03f * _Complex_I,  -2.112362e-03f  -3.658718e-03f * _Complex_I,   4.393018e-03f  +2.151958e-18f * _Complex_I,  -2.248598e-03f  +3.894685e-03f * _Complex_I,  -2.266234e-03f  -3.925232e-03f * _Complex_I,   4.497195e-03f  +1.101495e-18f * _Complex_I,  -2.196509e-03f  +3.804465e-03f * _Complex_I,  -2.112362e-03f  -3.658718e-03f * _Complex_I,   3.999888e-03f  +0.000000e+00f * _Complex_I  },
    {  -2.112362e-03f  -3.658718e-03f * _Complex_I,   4.462198e-03f  +2.185847e-18f * _Complex_I,  -2.319976e-03f  +4.018316e-03f * _Complex_I,  -2.374992e-03f  -4.113608e-03f * _Complex_I,   4.787240e-03f  +1.172536e-18f * _Complex_I,  -2.374992e-03f  +4.113608e-03f * _Complex_I,  -2.319976e-03f  -4.018316e-03f * _Complex_I,   4.462198e-03f  +0.000000e+00f * _Complex_I,  -2.112362e-03f  +3.658718e-03f * _Complex_I  },
    {   4.393018e-03f  +2.151958e-18f * _Complex_I,  -2.319976e-03f  +4.018316e-03f * _Complex_I,  -2.412393e-03f  -4.178388e-03f * _Complex_I,   4.939203e-03f  +1.209756e-18f * _Complex_I,  -2.488971e-03f  +4.311024e-03f * _Complex_I,  -2.469601e-03f  -4.277475e-03f * _Complex_I,   4.824786e-03f  +0.000000e+00f * _Complex_I,  -2.319976e-03f  +4.018316e-03f * _Complex_I,  -2.196509e-03f  -3.804465e-03f * _Complex_I  },
    {  -2.248598e-03f  +3.894685e-03f * _Complex_I,  -2.374992e-03f  -4.113608e-03f * _Complex_I,   4.939203e-03f  +1.209756e-18f * _Complex_I,  -2.528166e-03f  +4.378913e-03f * _Complex_I,  -2.547995e-03f  -4.413257e-03f * _Complex_I,   5.056333e-03f  +0.000000e+00f * _Complex_I,  -2.469601e-03f  +4.277475e-03f * _Complex_I,  -2.374992e-03f  -4.113608e-03f * _Complex_I,   4.497195e-03f  -1.101495e-18f * _Complex_I  },
    {  -2.266234e-03f  -3.925232e-03f * _Complex_I,   4.787240e-03f  +1.172536e-18f * _Complex_I,  -2.488971e-03f  +4.311024e-03f * _Complex_I,  -2.547995e-03f  -4.413257e-03f * _Complex_I,   5.135958e-03f  +0.000000e+00f * _Complex_I,  -2.547995e-03f  +4.413257e-03f * _Complex_I,  -2.488971e-03f  -4.311024e-03f * _Complex_I,   4.787240e-03f  -1.172536e-18f * _Complex_I,  -2.266234e-03f  +3.925232e-03f * _Complex_I  },
    {   4.497195e-03f  +1.101495e-18f * _Complex_I,  -2.374992e-03f  +4.113608e-03f * _Complex_I,  -2.469601e-03f  -4.277475e-03f * _Complex_I,   5.056333e-03f  +0.000000e+00f * _Complex_I,  -2.547995e-03f  +4.413257e-03f * _Complex_I,  -2.528166e-03f  -4.378913e-03f * _Complex_I,   4.939203e-03f  -1.209756e-18f * _Complex_I,  -2.374992e-03f  +4.113608e-03f * _Complex_I,  -2.248598e-03f  -3.894685e-03f * _Complex_I  },
    {  -2.196509e-03f  +3.804465e-03f * _Complex_I,  -2.319976e-03f  -4.018316e-03f * _Complex_I,   4.824786e-03f  +0.000000e+00f * _Complex_I,  -2.469601e-03f  +4.277475e-03f * _Complex_I,  -2.488971e-03f  -4.311024e-03f * _Complex_I,   4.939203e-03f  -1.209756e-18f * _Complex_I,  -2.412393e-03f  +4.178388e-03f * _Complex_I,  -2.319976e-03f  -4.018316e-03f * _Complex_I,   4.393018e-03f  -2.151958e-18f * _Complex_I  },
    {  -2.112362e-03f  -3.658718e-03f * _Complex_I,   4.462198e-03f  +0.000000e+00f * _Complex_I,  -2.319976e-03f  +4.018316e-03f * _Complex_I,  -2.374992e-03f  -4.113608e-03f * _Complex_I,   4.787240e-03f  -1.172536e-18f * _Complex_I,  -2.374992e-03f  +4.113608e-03f * _Complex_I,  -2.319976e-03f  -4.018316e-03f * _Complex_I,   4.462198e-03f  -2.185847e-18f * _Complex_I,  -2.112362e-03f  +3.658718e-03f * _Complex_I  },
    {   3.999888e-03f  +0.000000e+00f * _Complex_I,  -2.112362e-03f  +3.658718e-03f * _Complex_I,  -2.196509e-03f  -3.804465e-03f * _Complex_I,   4.497195e-03f  -1.101495e-18f * _Complex_I,  -2.266234e-03f  +3.925232e-03f * _Complex_I,  -2.248598e-03f  -3.894685e-03f * _Complex_I,   4.393018e-03f  -2.151958e-18f * _Complex_I,  -2.112362e-03f  +3.658718e-03f * _Complex_I,  -1.999944e-03f  -3.464005e-03f * _Complex_I  },
};
const float complex h6c[27][ 9] = { 
    {   3.447741e-04f  +5.971663e-04f * _Complex_I,   1.926085e-04f  +3.336076e-04f * _Complex_I,   5.888768e-06f  +1.019964e-05f * _Complex_I,  -1.464945e-04f  -2.537359e-04f * _Complex_I,  -2.050877e-04f  -3.552222e-04f * _Complex_I,  -1.464945e-04f  -2.537359e-04f * _Complex_I,   5.888768e-06f  +1.019964e-05f * _Complex_I,   1.926085e-04f  +3.336076e-04f * _Complex_I,   3.447741e-04f  +5.971663e-04f * _Complex_I  },
    {  -7.218747e-04f  -7.072332e-19f * _Complex_I,  -3.164414e-04f  -3.100232e-19f * _Complex_I,   1.702066e-04f  +1.667544e-19f * _Complex_I,   5.639182e-04f  +5.524805e-19f * _Complex_I,   7.147984e-04f  +7.003005e-19f * _Complex_I,   5.639182e-04f  +5.524805e-19f * _Complex_I,   1.702066e-04f  +1.667544e-19f * _Complex_I,  -3.164414e-04f  -3.100232e-19f * _Complex_I,  -7.218747e-04f  -7.072332e-19f * _Complex_I  },
    {   3.344257e-04f  -5.792424e-04f * _Complex_I,   6.597974e-05f  -1.142803e-04f * _Complex_I,  -2.483230e-04f  +4.301081e-04f * _Complex_I,  -5.000331e-04f  +8.660827e-04f * _Complex_I,  -5.961135e-04f  +1.032499e-03f * _Complex_I,  -5.000331e-04f  +8.660827e-04f * _Complex_I,  -2.483230e-04f  +4.301081e-04f * _Complex_I,   6.597974e-05f  -1.142803e-04f * _Complex_I,   3.344257e-04f  -5.792424e-04f * _Complex_I  },
    {   2.501045e-04f  +4.331937e-04f * _Complex_I,  -1.012963e-04f  -1.754503e-04f * _Complex_I,  -5.023736e-04f  -8.701366e-04f * _Complex_I,  -8.201332e-04f  -1.420512e-03f * _Complex_I,  -9.409094e-04f  -1.629703e-03f * _Complex_I,  -8.201332e-04f  -1.420512e-03f * _Complex_I,  -5.023736e-04f  -8.701366e-04f * _Complex_I,  -1.012963e-04f  -1.754503e-04f * _Complex_I,   2.501045e-04f  +4.331937e-04f * _Complex_I  },
    {  -1.920202e-04f  -1.410941e-19f * _Complex_I,   7.129951e-04f  +5.239003e-19f * _Complex_I,   1.721013e-03f  +1.264580e-18f * _Complex_I,   2.511120e-03f  +1.845141e-18f * _Complex_I,   2.810139e-03f  +2.064857e-18f * _Complex_I,   2.511120e-03f  +1.845141e-18f * _Complex_I,   1.721013e-03f  +1.264580e-18f * _Complex_I,   7.129951e-04f  +5.239003e-19f * _Complex_I,  -1.920202e-04f  -1.410941e-19f * _Complex_I  },
    {  -1.336702e-04f  +2.315235e-04f * _Complex_I,  -7.046862e-04f  +1.220552e-03f * _Complex_I,  -1.326637e-03f  +2.297802e-03f * _Complex_I,  -1.809219e-03f  +3.133659e-03f * _Complex_I,  -1.991102e-03f  +3.448689e-03f * _Complex_I,  -1.809219e-03f  +3.133659e-03f * _Complex_I,  -1.326637e-03f  +2.297802e-03f * _Complex_I,  -7.046862e-04f  +1.220552e-03f * _Complex_I,  -1.336702e-04f  +2.315235e-04f * _Complex_I  },
    {  -4.359774e-04f  -7.551351e-04f * _Complex_I,  -1.140035e-03f  -1.974598e-03f * _Complex_I,  -1.891937e-03f  -3.276931e-03f * _Complex_I,  -2.470002e-03f  -4.278169e-03f * _Complex_I,  -2.687045e-03f  -4.654098e-03f * _Complex_I,  -2.470002e-03f  -4.278169e-03f * _Complex_I,  -1.891937e-03f  -3.276931e-03f * _Complex_I,  -1.140035e-03f  -1.974598e-03f * _Complex_I,  -4.359774e-04f  -7.551351e-04f * _Complex_I  },
    {   1.595135e-03f  +7.813907e-19f * _Complex_I,   3.288019e-03f  +1.610665e-18f * _Complex_I,   5.065785e-03f  +2.481519e-18f * _Complex_I,   6.421534e-03f  +3.145645e-18f * _Complex_I,   6.928852e-03f  +3.394159e-18f * _Complex_I,   6.421534e-03f  +3.145645e-18f * _Complex_I,   5.065785e-03f  +2.481519e-18f * _Complex_I,   3.288019e-03f  +1.610665e-18f * _Complex_I,   1.595135e-03f  +7.813907e-19f * _Complex_I  },
    {  -1.194663e-03f  +2.069217e-03f * _Complex_I,  -2.185463e-03f  +3.785333e-03f * _Complex_I,  -3.211542e-03f  +5.562554e-03f * _Complex_I,  -3.988702e-03f  +6.908635e-03f * _Complex_I,  -4.278673e-03f  +7.410879e-03f * _Complex_I,  -3.988702e-03f  +6.908635e-03f * _Complex_I,  -3.211542e-03f  +5.562554e-03f * _Complex_I,  -2.185463e-03f  +3.785333e-03f * _Complex_I,  -1.194663e-03f  +2.069217e-03f * _Complex_I  },
    {  -1.594882e-03f  -2.762417e-03f * _Complex_I,  -2.722984e-03f  -4.716346e-03f * _Complex_I,  -3.878309e-03f  -6.717429e-03f * _Complex_I,  -4.748493e-03f  -8.224632e-03f * _Complex_I,  -5.072402e-03f  -8.785657e-03f * _Complex_I,  -4.748493e-03f  -8.224632e-03f * _Complex_I,  -3.878309e-03f  -6.717429e-03f * _Complex_I,  -2.722984e-03f  -4.716346e-03f * _Complex_I,  -1.594882e-03f  -2.762417e-03f * _Complex_I  },
    {   3.921761e-03f  +9.605545e-19f * _Complex_I,   6.418850e-03f  +1.572165e-18f * _Complex_I,   8.954611e-03f  +2.193247e-18f * _Complex_I,   1.085632e-02f  +2.659031e-18f * _Complex_I,   1.156288e-02f  +2.832089e-18f * _Complex_I,   1.085632e-02f  +2.659031e-18f * _Complex_I,   8.954611e-03f  +2.193247e-18f * _Complex_I,   6.418850e-03f  +1.572165e-18f * _Complex_I,   3.921761e-03f  +9.605545e-19f * _Complex_I  },
    {  -2.255323e-03f  +3.906334e-03f * _Complex_I,  -3.598013e-03f  +6.231942e-03f * _Complex_I,  -4.953413e-03f  +8.579562e-03f * _Complex_I,  -5.966799e-03f  +1.033480e-02f * _Complex_I,  -6.342818e-03f  +1.098608e-02f * _Complex_I,  -5.966799e-03f  +1.033480e-02f * _Complex_I,  -4.953413e-03f  +8.579562e-03f * _Complex_I,  -3.598013e-03f  +6.231942e-03f * _Complex_I,  -2.255323e-03f  +3.906334e-03f * _Complex_I  },
    {  -2.446355e-03f  -4.237211e-03f * _Complex_I,  -3.849028e-03f  -6.666712e-03f * _Complex_I,  -5.259998e-03f  -9.110584e-03f * _Complex_I,  -6.313012e-03f  -1.093446e-02f * _Complex_I,  -6.703426e-03f  -1.161067e-02f * _Complex_I,  -6.313012e-03f  -1.093446e-02f * _Complex_I,  -5.259998e-03f  -9.110584e-03f * _Complex_I,  -3.849028e-03f  -6.666712e-03f * _Complex_I,  -2.446355e-03f  -4.237211e-03f * _Complex_I  },
    {   5.025099e-03f  +0.000000e+00f * _Complex_I,   7.871652e-03f  +0.000000e+00f * _Complex_I,   1.073171e-02f  +0.000000e+00f * _Complex_I,   1.286488e-02f  +0.000000e+00f * _Complex_I,   1.365557e-02f  +0.000000e+00f * _Complex_I,   1.286488e-02f  +0.000000e+00f * _Complex_I,   1.073171e-02f  +0.000000e+00f * _Complex_I,   7.871652e-03f  +0.000000e+00f * _Complex_I,   5.025099e-03f  +0.000000e+00f * _Complex_I  },
    {  -2.446355e-03f  +4.237211e-03f * _Complex_I,  -3.849028e-03f  +6.666712e-03f * _Complex_I,  -5.259998e-03f  +9.110584e-03f * _Complex_I,  -6.313012e-03f  +1.093446e-02f * _Complex_I,  -6.703426e-03f  +1.161067e-02f * _Complex_I,  -6.313012e-03f  +1.093446e-02f * _Complex_I,  -5.259998e-03f  +9.110584e-03f * _Complex_I,  -3.849028e-03f  +6.666712e-03f * _Complex_I,  -2.446355e-03f  +4.237211e-03f * _Complex_I  },
    {  -2.255323e-03f  -3.906334e-03f * _Complex_I,  -3.598013e-03f  -6.231942e-03f * _Complex_I,  -4.953413e-03f  -8.579562e-03f * _Complex_I,  -5.966799e-03f  -1.033480e-02f * _Complex_I,  -6.342818e-03f  -1.098608e-02f * _Complex_I,  -5.966799e-03f  -1.033480e-02f * _Complex_I,  -4.953413e-03f  -8.579562e-03f * _Complex_I,  -3.598013e-03f  -6.231942e-03f * _Complex_I,  -2.255323e-03f  -3.906334e-03f * _Complex_I  },
    {   3.921761e-03f  -9.605545e-19f * _Complex_I,   6.418850e-03f  -1.572165e-18f * _Complex_I,   8.954611e-03f  -2.193247e-18f * _Complex_I,   1.085632e-02f  -2.659031e-18f * _Complex_I,   1.156288e-02f  -2.832089e-18f * _Complex_I,   1.085632e-02f  -2.659031e-18f * _Complex_I,   8.954611e-03f  -2.193247e-18f * _Complex_I,   6.418850e-03f  -1.572165e-18f * _Complex_I,   3.921761e-03f  -9.605545e-19f * _Complex_I  },
    {  -1.594882e-03f  +2.762417e-03f * _Complex_I,  -2.722984e-03f  +4.716346e-03f * _Complex_I,  -3.878309e-03f  +6.717429e-03f * _Complex_I,  -4.748493e-03f  +8.224632e-03f * _Complex_I,  -5.072402e-03f  +8.785657e-03f * _Complex_I,  -4.748493e-03f  +8.224632e-03f * _Complex_I,  -3.878309e-03f  +6.717429e-03f * _Complex_I,  -2.722984e-03f  +4.716346e-03f * _Complex_I,  -1.594882e-03f  +2.762417e-03f * _Complex_I  },
    {  -1.194663e-03f  -2.069217e-03f * _Complex_I,  -2.185463e-03f  -3.785333e-03f * _Complex_I,  -3.211542e-03f  -5.562554e-03f * _Complex_I,  -3.988702e-03f  -6.908635e-03f * _Complex_I,  -4.278673e-03f  -7.410879e-03f * _Complex_I,  -3.988702e-03f  -6.908635e-03f * _Complex_I,  -3.211542e-03f  -5.562554e-03f * _Complex_I,  -2.185463e-03f  -3.785333e-03f * _Complex_I,  -1.194663e-03f  -2.069217e-03f * _Complex_I  },
    {   1.595135e-03f  -7.813907e-19f * _Complex_I,   3.288019e-03f  -1.610665e-18f * _Complex_I,   5.065785e-03f  -2.481519e-18f * _Complex_I,   6.421534e-03f  -3.145645e-18f * _Complex_I,   6.928852e-03f  -3.394159e-18f * _Complex_I,   6.421534e-03f  -3.145645e-18f * _Complex_I,   5.065785e-03f  -2.481519e-18f * _Complex_I,   3.288019e-03f  -1.610665e-18f * _Complex_I,   1.595135e-03f  -7.813907e-19f * _Complex_I  },
    {  -4.359774e-04f  +7.551351e-04f * _Complex_I,  -1.140035e-03f  +1.974598e-03f * _Complex_I,  -1.891937e-03f  +3.276931e-03f * _Complex_I,  -2.470002e-03f  +4.278169e-03f * _Complex_I,  -2.687045e-03f  +4.654098e-03f * _Complex_I,  -2.470002e-03f  +4.278169e-03f * _Complex_I,  -1.891937e-03f  +3.276931e-03f * _Complex_I,  -1.140035e-03f  +1.974598e-03f * _Complex_I,  -4.359774e-04f  +7.551351e-04f * _Complex_I  },
    {  -1.336702e-04f  -2.315235e-04f * _Complex_I,  -7.046862e-04f  -1.220552e-03f * _Complex_I,  -1.326637e-03f  -2.297802e-03f * _Complex_I,  -1.809219e-03f  -3.133659e-03f * _Complex_I,  -1.991102e-03f  -3.448689e-03f * _Complex_I,  -1.809219e-03f  -3.133659e-03f * _Complex_I,  -1.326637e-03f  -2.297802e-03f * _Complex_I,  -7.046862e-04f  -1.220552e-03f * _Complex_I,  -1.336702e-04f  -2.315235e-04f * _Complex_I  },
    {  -1.920202e-04f  +1.410941e-19f * _Complex_I,   7.129951e-04f  -5.239003e-19f * _Complex_I,   1.721013e-03f  -1.264580e-18f * _Complex_I,   2.511120e-03f  -1.845141e-18f * _Complex_I,   2.810139e-03f  -2.064857e-18f * _Complex_I,   2.511120e-03f  -1.845141e-18f * _Complex_I,   1.721013e-03f  -1.264580e-18f * _Complex_I,   7.129951e-04f  -5.239003e-19f * _Complex_I,  -1.920202e-04f  +1.410941e-19f * _Complex_I  },
    {   2.501045e-04f  -4.331937e-04f * _Complex_I,  -1.012963e-04f  +1.754503e-04f * _Complex_I,  -5.023736e-04f  +8.701366e-04f * _Complex_I,  -8.201332e-04f  +1.420512e-03f * _Complex_I,  -9.409094e-04f  +1.629703e-03f * _Complex_I,  -8.201332e-04f  +1.420512e-03f * _Complex_I,  -5.023736e-04f  +8.701366e-04f * _Complex_I,  -1.012963e-04f  +1.754503e-04f * _Complex_I,   2.501045e-04f  -4.331937e-04f * _Complex_I  },
    {   3.344257e-04f  +5.792424e-04f * _Complex_I,   6.597974e-05f  +1.142803e-04f * _Complex_I,  -2.483230e-04f  -4.301081e-04f * _Complex_I,  -5.000331e-04f  -8.660827e-04f * _Complex_I,  -5.961135e-04f  -1.032499e-03f * _Complex_I,  -5.000331e-04f  -8.660827e-04f * _Complex_I,  -2.483230e-04f  -4.301081e-04f * _Complex_I,   6.597974e-05f  +1.142803e-04f * _Complex_I,   3.344257e-04f  +5.792424e-04f * _Complex_I  },
    {  -7.218747e-04f  +7.072332e-19f * _Complex_I,  -3.164414e-04f  +3.100232e-19f * _Complex_I,   1.702066e-04f  -1.667544e-19f * _Complex_I,   5.639182e-04f  -5.524805e-19f * _Complex_I,   7.147984e-04f  -7.003005e-19f * _Complex_I,   5.639182e-04f  -5.524805e-19f * _Complex_I,   1.702066e-04f  -1.667544e-19f * _Complex_I,  -3.164414e-04f  +3.100232e-19f * _Complex_I,  -7.218747e-04f  +7.072332e-19f * _Complex_I  },
    {   3.447741e-04f  -5.971663e-04f * _Complex_I,   1.926085e-04f  -3.336076e-04f * _Complex_I,   5.888768e-06f  -1.019964e-05f * _Complex_I,  -1.464945e-04f  +2.537359e-04f * _Complex_I,  -2.050877e-04f  +3.552222e-04f * _Complex_I,  -1.464945e-04f  +2.537359e-04f * _Complex_I,   5.888768e-06f  -1.019964e-05f * _Complex_I,   1.926085e-04f  -3.336076e-04f * _Complex_I,   3.447741e-04f  -5.971663e-04f * _Complex_I  },
};
const float complex h7c[ 9][ 9] = { 
    {   3.999888e-03f  +0.000000e+00f * _Complex_I,  -2.112362e-03f  -3.658718e-03f * _Complex_I,  -2.196509e-03f  +3.804465e-03f * _Complex_I,   4.497195e-03f  +1.101495e-18f * _Complex_I,  -2.266234e-03f  -3.925232e-03f * _Complex_I,  -2.248598e-03f  +3.894685e-03f * _Complex_I,   4.393018e-03f  +2.151958e-18f * _Complex_I,  -2.112362e-03f  -3.658718e-03f * _Complex_I,  -1.999944e-03f  +3.464005e-03f * _Complex_I  },
    {  -2.112362e-03f  +3.658718e-03f * _Complex_I,   4.462198e-03f  +0.000000e+00f * _Complex_I,  -2.319976e-03f  -4.018316e-03f * _Complex_I,  -2.374992e-03f  +4.113608e-03f * _Complex_I,   4.787240e-03f  +1.172536e-18f * _Complex_I,  -2.374992e-03f  -4.113608e-03f * _Complex_I,  -2.319976e-03f  +4.018316e-03f * _Complex_I,   4.462198e-03f  +2.185847e-18f * _Complex_I,  -2.112362e-03f  -3.658718e-03f * _Complex_I  },
    {  -2.196509e-03f  -3.804465e-03f * _Complex_I,  -2.319976e-03f  +4.018316e-03f * _Complex_I,   4.824786e-03f  +0.000000e+00f * _Complex_I,  -2.469601e-03f  -4.277475e-03f * _Complex_I,  -2.488971e-03f  +4.311024e-03f * _Complex_I,   4.939203e-03f  +1.209756e-18f * _Complex_I,  -2.412393e-03f  -4.178388e-03f * _Complex_I,  -2.319976e-03f  +4.018316e-03f * _Complex_I,   4.393018e-03f  +2.151958e-18f * _Complex_I  },
    {   4.497195e-03f  -1.101495e-18f * _Complex_I,  -2.374992e-03f  -4.113608e-03f * _Complex_I,  -2.469601e-03f  +4.277475e-03f * _Complex_I,   5.056333e-03f  +0.000000e+00f * _Complex_I,  -2.547995e-03f  -4.413257e-03f * _Complex_I,  -2.528166e-03f  +4.378913e-03f * _Complex_I,   4.939203e-03f  +1.209756e-18f * _Complex_I,  -2.374992e-03f  -4.113608e-03f * _Complex_I,  -2.248598e-03f  +3.894685e-03f * _Complex_I  },
