#include <complex.h>

const float complex h2c[23][13] = { 
    {   8.767696e-04f  -1.719058e-18f * _Complex_I,   4.429313e-04f  +7.671796e-04f * _Complex_I,  -3.105744e-04f  +5.379307e-04f * _Complex_I,  -1.227558e-04f  -1.803989e-19f * _Complex_I,   2.312829e-04f  +4.005937e-04f * _Complex_I,  -4.660583e-04f  +8.072367e-04f * _Complex_I,  -1.111490e-03f  -5.446107e-18f * _Complex_I,  -4.660583e-04f  -8.072367e-04f * _Complex_I,   2.312829e-04f  -4.005937e-04f * _Complex_I,  -1.227558e-04f  -1.503324e-19f * _Complex_I,  -3.105744e-04f  -5.379307e-04f * _Complex_I,   4.429313e-04f  -7.671796e-04f * _Complex_I,   8.767696e-04f  +9.663597e-19f * _Complex_I  },
    {  -8.925647e-04f  -1.311692e-18f * _Complex_I,  -4.227421e-04f  -7.322109e-04f * _Complex_I,   2.334497e-04f  -4.043467e-04f * _Complex_I,  -1.894221e-04f  -9.281350e-19f * _Complex_I,  -4.702828e-04f  -8.145537e-04f * _Complex_I,   7.683017e-04f  -1.330738e-03f * _Complex_I,   1.763316e-03f  +2.159440e-18f * _Complex_I,   7.683017e-04f  +1.330738e-03f * _Complex_I,  -4.702828e-04f  +8.145537e-04f * _Complex_I,  -1.894221e-04f  -2.087776e-19f * _Complex_I,   2.334497e-04f  +4.043467e-04f * _Complex_I,  -4.227421e-04f  +7.322109e-04f * _Complex_I,  -8.925647e-04f  -8.744612e-19f * _Complex_I  },
    {   8.388466e-04f  +4.110202e-18f * _Complex_I,   3.532452e-04f  +6.118386e-04f * _Complex_I,  -9.002942e-05f  +1.559355e-04f * _Complex_I,   6.697140e-04f  +8.201632e-19f * _Complex_I,   8.092493e-04f  +1.401661e-03f * _Complex_I,  -1.181627e-03f  +2.046639e-03f * _Complex_I,  -2.645307e-03f  -2.915610e-18f * _Complex_I,  -1.181627e-03f  -2.046639e-03f * _Complex_I,   8.092493e-04f  -1.401661e-03f * _Complex_I,   6.697140e-04f  +6.561305e-19f * _Complex_I,  -9.002942e-05f  -1.559355e-04f * _Complex_I,   3.532452e-04f  -6.118386e-04f * _Complex_I,   8.388466e-04f  +7.191036e-19f * _Complex_I  },
    {  -7.054100e-04f  -8.638781e-19f * _Complex_I,  -2.284136e-04f  -3.956240e-04f * _Complex_I,  -1.258600e-04f  +2.179959e-04f * _Complex_I,  -1.329273e-03f  -1.465101e-18f * _Complex_I,  -1.252754e-03f  -2.169833e-03f * _Complex_I,   1.709700e-03f  -2.961287e-03f * _Complex_I,   3.764067e-03f  +3.687722e-18f * _Complex_I,   1.709700e-03f  +2.961287e-03f * _Complex_I,  -1.252754e-03f  +2.169833e-03f * _Complex_I,  -1.329273e-03f  -1.139523e-18f * _Complex_I,  -1.258600e-04f  -2.179959e-04f * _Complex_I,  -2.284136e-04f  +3.956240e-04f * _Complex_I,  -7.054100e-04f  -5.183268e-19f * _Complex_I  },
    {   4.911354e-04f  +5.413206e-19f * _Complex_I,   4.857382e-05f  +8.413232e-05f * _Complex_I,   4.119959e-04f  -7.135978e-04f * _Complex_I,   2.158302e-03f  +2.114526e-18f * _Complex_I,   1.793065e-03f  +3.105680e-03f * _Complex_I,  -2.342619e-03f  +4.057536e-03f * _Complex_I,  -5.098171e-03f  -4.370421e-18f * _Complex_I,  -2.342619e-03f  -4.057536e-03f * _Complex_I,   1.793065e-03f  -3.105680e-03f * _Complex_I,   2.158302e-03f  +1.585894e-18f * _Complex_I,   4.119959e-04f  +7.135978e-04f * _Complex_I,   4.857382e-05f  -8.413232e-05f * _Complex_I,   4.911354e-04f  +3.007337e-19f * _Complex_I  },
    {  -2.061407e-04f  -2.019597e-19f * _Complex_I,   1.781918e-04f  +3.086372e-04f * _Complex_I,  -7.560696e-04f  +1.309551e-03f * _Complex_I,  -3.122224e-03f  -2.676535e-18f * _Complex_I,  -2.408084e-03f  -4.170924e-03f * _Complex_I,   3.054772e-03f  -5.291020e-03f * _Complex_I,   6.593808e-03f  +4.845052e-18f * _Complex_I,   3.054772e-03f  +5.291020e-03f * _Complex_I,  -2.408084e-03f  +4.170924e-03f * _Complex_I,  -3.122224e-03f  -1.911811e-18f * _Complex_I,  -7.560696e-04f  -1.309551e-03f * _Complex_I,   1.781918e-04f  -3.086372e-04f * _Complex_I,  -2.061407e-04f  -1.009798e-19f * _Complex_I  },
    {  -1.277825e-04f  -1.095419e-19f * _Complex_I,  -4.358205e-04f  -7.548633e-04f * _Complex_I,   1.135521e-03f  -1.966780e-03f * _Complex_I,   4.161582e-03f  +3.057881e-18f * _Complex_I,   3.061427e-03f  +5.302547e-03f * _Complex_I,  -3.805021e-03f  +6.590489e-03f * _Complex_I,  -8.165251e-03f  -4.999774e-18f * _Complex_I,  -3.805021e-03f  -6.590489e-03f * _Complex_I,   3.061427e-03f  -5.302547e-03f * _Complex_I,   4.161582e-03f  +2.038587e-18f * _Complex_I,   1.135521e-03f  +1.966780e-03f * _Complex_I,  -4.358205e-04f  +7.548633e-04f * _Complex_I,  -1.277825e-04f  -4.694652e-20f * _Complex_I  },
    {   4.788592e-04f  +3.518600e-19f * _Complex_I,   7.014960e-04f  +1.215027e-03f * _Complex_I,  -1.519231e-03f  +2.631385e-03f * _Complex_I,  -5.196435e-03f  -3.181898e-18f * _Complex_I,  -3.705084e-03f  -6.417394e-03f * _Complex_I,   4.539694e-03f  -7.862981e-03f * _Complex_I,   9.701065e-03f  +4.752152e-18f * _Complex_I,   4.539694e-03f  +7.862981e-03f * _Complex_I,  -3.705084e-03f  +6.417394e-03f * _Complex_I,  -5.196435e-03f  -1.909139e-18f * _Complex_I,  -1.519231e-03f  -2.631385e-03f * _Complex_I,   7.014960e-04f  -1.215027e-03f * _Complex_I,   4.788592e-04f  +1.172867e-19f * _Complex_I  },
    {  -8.091284e-04f  -4.954482e-19f * _Complex_I,  -9.483045e-04f  -1.642512e-03f * _Complex_I,   1.871034e-03f  -3.240726e-03f * _Complex_I,   6.135119e-03f  +3.005341e-18f * _Complex_I,   4.284574e-03f  +7.421100e-03f * _Complex_I,  -5.198267e-03f  +9.003663e-03f * _Complex_I,  -1.107585e-02f  -4.069202e-18f * _Complex_I,  -5.198267e-03f  -9.003663e-03f * _Complex_I,   4.284574e-03f  -7.421100e-03f * _Complex_I,   6.135119e-03f  +1.502671e-18f * _Complex_I,   1.871034e-03f  +3.240726e-03f * _Complex_I,  -9.483045e-04f  +1.642512e-03f * _Complex_I,  -8.091284e-04f  -9.908965e-20f * _Complex_I  },
    {   1.079836e-03f  +5.289673e-19f * _Complex_I,   1.148968e-03f  +1.990070e-03f * _Complex_I,  -2.154589e-03f  +3.731857e-03f * _Complex_I,  -6.886264e-03f  -2.529972e-18f * _Complex_I,  -4.745922e-03f  -8.220179e-03f * _Complex_I,   5.721010e-03f  -9.909079e-03f * _Complex_I,   1.216602e-02f  +2.979816e-18f * _Complex_I,   5.721010e-03f  +9.909079e-03f * _Complex_I,  -4.745922e-03f  +8.220179e-03f * _Complex_I,  -6.886264e-03f  -8.433242e-19f * _Complex_I,  -2.154589e-03f  -3.731857e-03f * _Complex_I,   1.148968e-03f  -1.990070e-03f * _Complex_I,   1.079836e-03f  +0.000000e+00f * _Complex_I  },
    {  -1.257488e-03f  -4.619937e-19f * _Complex_I,  -1.280010e-03f  -2.217042e-03f * _Complex_I,   2.338784e-03f  -4.050893e-03f * _Complex_I,   7.372030e-03f  +1.805627e-18f * _Complex_I,   5.043324e-03f  +8.735293e-03f * _Complex_I,  -6.057355e-03f  +1.049165e-02f * _Complex_I,  -1.286703e-02f  -1.575756e-18f * _Complex_I,  -6.057355e-03f  -1.049165e-02f * _Complex_I,   5.043324e-03f  -8.735293e-03f * _Complex_I,   7.372030e-03f  +0.000000e+00f * _Complex_I,   2.338784e-03f  +4.050893e-03f * _Complex_I,  -1.280010e-03f  +2.217042e-03f * _Complex_I,  -1.257488e-03f  +1.539979e-19f * _Complex_I  },
    {   1.319383e-03f  +3.231556e-19f * _Complex_I,   1.325560e-03f  +2.295937e-03f * _Complex_I,  -2.402650e-03f  +4.161511e-03f * _Complex_I,  -7.540097e-03f  -9.233956e-19f * _Complex_I,  -5.146062e-03f  -8.913241e-03f * _Complex_I,   6.173440e-03f  -1.069271e-02f * _Complex_I,   1.310890e-02f  +0.000000e+00f * _Complex_I,   6.173440e-03f  +1.069271e-02f * _Complex_I,  -5.146062e-03f  +8.913241e-03f * _Complex_I,  -7.540097e-03f  +9.233956e-19f * _Complex_I,  -2.402650e-03f  -4.161511e-03f * _Complex_I,   1.325560e-03f  -2.295937e-03f * _Complex_I,   1.319383e-03f  -3.231556e-19f * _Complex_I  },
    {  -1.257488e-03f  -1.539979e-19f * _Complex_I,  -1.280010e-03f  -2.217042e-03f * _Complex_I,   2.338784e-03f  -4.050893e-03f * _Complex_I,   7.372030e-03f  +0.000000e+00f * _Complex_I,   5.043324e-03f  +8.735293e-03f * _Complex_I,  -6.057355e-03f  +1.049165e-02f * _Complex_I,  -1.286703e-02f  +1.575756e-18f * _Complex_I,  -6.057355e-03f  -1.049165e-02f * _Complex_I,   5.043324e-03f  -8.735293e-03f * _Complex_I,   7.372030e-03f  -1.805627e-18f * _Complex_I,   2.338784e-03f  +4.050893e-03f * _Complex_I,  -1.280010e-03f  +2.217042e-03f * _Complex_I,  -1.257488e-03f  +4.619937e-19f * _Complex_I  },
    {   1.079836e-03f  +0.000000e+00f * _Complex_I,   1.148968e-03f  +1.990070e-03f * _Complex_I,  -2.154589e-03f  +3.731857e-03f * _Complex_I,  -6.886264e-03f  +8.433242e-19f * _Complex_I,  -4.745922e-03f  -8.220179e-03f * _Complex_I,   5.721010e-03f  -9.909079e-03f * _Complex_I,   1.216602e-02f  -2.979816e-18f * _Complex_I,   5.721010e-03f  +9.909079e-03f * _Complex_I,  -4.745922e-03f  +8.220179e-03f * _Complex_I,  -6.886264e-03f  +2.529972e-18f * _Complex_I,  -2.154589e-03f  -3.731857e-03f * _Complex_I,   1.148968e-03f  -1.990070e-03f * _Complex_I,   1.079836e-03f  -5.289673e-19f * _Complex_I  },
    {  -8.091284e-04f  +9.908965e-20f * _Complex_I,  -9.483045e-04f  -1.642512e-03f * _Complex_I,   1.871034e-03f  -3.240726e-03f * _Complex_I,   6.135119e-03f  -1.502671e-18f * _Complex_I,   4.284574e-03f  +7.421100e-03f * _Complex_I,  -5.198267e-03f  +9.003663e-03f * _Complex_I,  -1.107585e-02f  +4.069202e-18f * _Complex_I,  -5.198267e-03f  -9.003663e-03f * _Complex_I,   4.284574e-03f  -7.421100e-03f * _Complex_I,   6.135119e-03f  -3.005341e-18f * _Complex_I,   1.871034e-03f  +3.240726e-03f * _Complex_I,  -9.483045e-04f  +1.642512e-03f * _Complex_I,  -8.091284e-04f  +4.954482e-19f * _Complex_I  },
    {   4.788592e-04f  -1.172867e-19f * _Complex_I,   7.014960e-04f  +1.215027e-03f * _Complex_I,  -1.519231e-03f  +2.631385e-03f * _Complex_I,  -5.196435e-03f  +1.909139e-18f * _Complex_I,  -3.705084e-03f  -6.417394e-03f * _Complex_I,   4.539694e-03f  -7.862981e-03f * _Complex_I,   9.701065e-03f  -4.752152e-18f * _Complex_I,   4.539694e-03f  +7.862981e-03f * _Complex_I,  -3.705084e-03f  +6.417394e-03f * _Complex_I,  -5.196435e-03f  +3.181898e-18f * _Complex_I,  -1.519231e-03f  -2.631385e-03f * _Complex_I,   7.014960e-04f  -1.215027e-03f * _Complex_I,   4.788592e-04f  -3.518600e-19f * _Complex_I  },
    {  -1.277825e-04f  +4.694652e-20f * _Complex_I,  -4.358205e-04f  -7.548633e-04f * _Complex_I,   1.135521e-03f  -1.966780e-03f * _Complex_I,   4.161582e-03f  -2.038587e-18f * _Complex_I,   3.061427e-03f  +5.302547e-03f * _Complex_I,  -3.805021e-03f  +6.590489e-03f * _Complex_I,  -8.165251e-03f  +4.999774e-18f * _Complex_I,  -3.805021e-03f  -6.590489e-03f * _Complex_I,   3.061427e-03f  -5.302547e-03f * _Complex_I,   4.161582e-03f  -3.057881e-18f * _Complex_I,   1.135521e-03f  +1.966780e-03f * _Complex_I,  -4.358205e-04f  +7.548633e-04f * _Complex_I,  -1.277825e-04f  +1.095419e-19f * _Complex_I  },
    {  -2.061407e-04f  +1.009798e-19f * _Complex_I,   1.781918e-04f  +3.086372e-04f * _Complex_I,  -7.560696e-04f  +1.309551e-03f * _Complex_I,  -3.122224e-03f  +1.911811e-18f * _Complex_I,  -2.408084e-03f  -4.170924e-03f * _Complex_I,   3.054772e-03f  -5.291020e-03f * _Complex_I,   6.593808e-03f  -4.845052e-18f * _Complex_I,   3.054772e-03f  +5.291020e-03f * _Complex_I,  -2.408084e-03f  +4.170924e-03f * _Complex_I,  -3.122224e-03f  +2.676535e-18f * _Complex_I,  -7.560696e-04f  -1.309551e-03f * _Complex_I,   1.781918e-04f  -3.086372e-04f * _Complex_I,  -2.061407e-04f  +2.019597e-19f * _Complex_I  },
    {   4.911354e-04f  -3.007337e-19f * _Complex_I,   4.857382e-05f  +8.413232e-05f * _Complex_I,   4.119959e-04f  -7.135978e-04f * _Complex_I,   2.158302e-03f  -1.585894e-18f * _Complex_I,   1.793065e-03f  +3.105680e-03f * _Complex_I,  -2.342619e-03f  +4.057536e-03f * _Complex_I,  -5.098171e-03f  +4.370421e-18f * _Complex_I,  -2.342619e-03f  -4.057536e-03f * _Complex_I,   1.793065e-03f  -3.105680e-03f * _Complex_I,   2.158302e-03f  -2.114526e-18f * _Complex_I,   4.119959e-04f  +7.135978e-04f * _Complex_I,   4.857382e-05f  -8.413232e-05f * _Complex_I,   4.911354e-04f  -5.413206e-19f * _Complex_I  },
    {  -7.054100e-04f  +5.183268e-19f * _Complex_I,  -2.284136e-04f  -3.956240e-04f * _Complex_I,  -1.258600e-04f  +2.179959e-04f * _Complex_I,  -1.329273e-03f  +1.139523e-18f * _Complex_I,  -1.252754e-03f  -2.169833e-03f * _Complex_I,   1.709700e-03f  -2.961287e-03f * _Complex_I,   3.764067e-03f  -3.687722e-18f * _Complex_I,   1.709700e-03f  +2.961287e-03f * _Complex_I,  -1.252754e-03f  +2.169833e-03f * _Complex_I,  -1.329273e-03f  +1.465101e-18f * _Complex_I,  -1.258600e-04f  -2.179959e-04f * _Complex_I,  -2.284136e-04f  +3.956240e-04f * _Complex_I,  -7.054100e-04f  +8.638781e-19f * _Complex_I  },
    {   8.388466e-04f  -7.191036e-19f * _Complex_I,   3.532452e-04f  +6.118386e-04f * _Complex_I,  -9.002942e-05f  +1.559355e-04f * _Complex_I,   6.697140e-04f  -6.561305e-19f * _Complex_I,   8.092493e-04f  +1.401661e-03f * _Complex_I,  -1.181627e-03f  +2.046639e-03f * _Complex_I,  -2.645307e-03f  +2.915610e-18f * _Complex_I,  -1.181627e-03f  -2.046639e-03f * _Complex_I,   8.092493e-04f  -1.401661e-03f * _Complex_I,   6.697140e-04f  -8.201632e-19f * _Complex_I,  -9.002942e-05f  -1.559355e-04f * _Complex_I,   3.532452e-04f  -6.118386e-04f * _Complex_I,   8.388466e-04f  -4.110202e-18f * _Complex_I  },
    {  -8.925647e-04f  +8.744612e-19f * _Complex_I,  -4.227421e-04f  -7.322109e-04f * _Complex_I,   2.334497e-04f  -4.043467e-04f * _Complex_I,  -1.894221e-04f  +2.087776e-19f * _Complex_I,  -4.702828e-04f  -8.145537e-04f * _Complex_I,   7.683017e-04f  -1.330738e-03f * _Complex_I,   1.763316e-03f  -2.159440e-18f * _Complex_I,   7.683017e-04f  +1.330738e-03f * _Complex_I,  -4.702828e-04f  +8.145537e-04f * _Complex_I,  -1.894221e-04f  +9.281350e-19f * _Complex_I,   2.334497e-04f  +4.043467e-04f * _Complex_I,  -4.227421e-04f  +7.322109e-04f * _Complex_I,  -8.925647e-04f  +1.311692e-18f * _Complex_I  },
    {   8.767696e-04f  -9.663597e-19f * _Complex_I,   4.429313e-04f  +7.671796e-04f * _Complex_I,  -3.105744e-04f  +5.379307e-04f * _Complex_I,  -1.227558e-04f  +1.503324e-19f * _Complex_I,   2.312829e-04f  +4.005937e-04f * _Complex_I,  -4.660583e-04f  +8.072367e-04f * _Complex_I,  -1.111490e-03f  +5.446107e-18f * _Complex_I,  -4.660583e-04f  -8.072367e-04f * _Complex_I,   2.312829e-04f  -4.005937e-04f * _Complex_I,  -1.227558e-04f  +1.803989e-19f * _Complex_I,  -3.105744e-04f  -5.379307e-04f * _Complex_I,   4.429313e-04f  -7.671796e-04f * _Complex_I,   8.767696e-04f  +1.719058e-18f * _Complex_I  },
};
const float complex h3c[23][13] = { 
    {   8.767696e-04f  +9.663597e-19f * _Complex_I,   4.429313e-04f  -7.671796e-04f * _Complex_I,  -3.105744e-04f  -5.379307e-04f * _Complex_I,  -1.227558e-04f  -1.503324e-19f * _Complex_I,   2.312829e-04f  -4.005937e-04f * _Complex_I,  -4.660583e-04f  -8.072367e-04f * _Complex_I,  -1.111490e-03f  -5.446107e-18f * _Complex_I,  -4.660583e-04f  +8.072367e-04f * _Complex_I,   2.312829e-04f  +4.005937e-04f * _Complex_I,  -1.227558e-04f  -1.803989e-19f * _Complex_I,  -3.105744e-04f  +5.379307e-04f * _Complex_I,   4.429313e-04f  +7.671796e-04f * _Complex_I,   8.767696e-04f  -1.719058e-18f * _Complex_I  },
    {  -8.925647e-04f  -8.744612e-19f * _Complex_I,  -4.227421e-04f  +7.322109e-04f * _Complex_I,   2.334497e-04f  +4.043467e-04f * _Complex_I,  -1.894221e-04f  -2.087776e-19f * _Complex_I,  -4.702828e-04f  +8.145537e-04f * _Complex_I,   7.683017e-04f  +1.330738e-03f * _Complex_I,   1.763316e-03f  +2.159440e-18f * _Complex_I,   7.683017e-04f  -1.330738e-03f * _Complex_I,  -4.702828e-04f  -8.145537e-04f * _Complex_I,  -1.894221e-04f  -9.281350e-19f * _Complex_I,   2.334497e-04f  -4.043467e-04f * _Complex_I,  -4.227421e-04f  -7.322109e-04f * _Complex_I,  -8.925647e-04f  -1.311692e-18f * _Complex_I  },
    {   8.388466e-04f  +7.191036e-19f * _Complex_I,   3.532452e-04f  -6.118386e-04f * _Complex_I,  -9.002942e-05f  -1.559355e-04f * _Complex_I,   6.697140e-04f  +6.561305e-19f * _Complex_I,   8.092493e-04f  -1.401661e-03f * _Complex_I,  -1.181627e-03f  -2.046639e-03f * _Complex_I,  -2.645307e-03f  -2.915610e-18f * _Complex_I,  -1.181627e-03f  +2.046639e-03f * _Complex_I,   8.092493e-04f  +1.401661e-03f * _Complex_I,   6.697140e-04f  +8.201632e-19f * _Complex_I,  -9.002942e-05f  +1.559355e-04f * _Complex_I,   3.532452e-04f  +6.118386e-04f * _Complex_I,   8.388466e-04f  +4.110202e-18f * _Complex_I  },
    {  -7.054100e-04f  -5.183268e-19f * _Complex_I,  -2.284136e-04f  +3.956240e-04f * _Complex_I,  -1.258600e-04f  -2.179959e-04f * _Complex_I,  -1.329273e-03f  -1.139523e-18f * _Complex_I,  -1.252754e-03f  +2.169833e-03f * _Complex_I,   1.709700e-03f  +2.961287e-03f * _Complex_I,   3.764067e-03f  +3.687722e-18f * _Complex_I,   1.709700e-03f  -2.961287e-03f * _Complex_I,  -1.252754e-03f  -2.169833e-03f * _Complex_I,  -1.329273e-03f  -1.465101e-18f * _Complex_I,  -1.258600e-04f  +2.179959e-04f * _Complex_I,  -2.284136e-04f  -3.956240e-04f * _Complex_I,  -7.054100e-04f  -8.638781e-19f * _Complex_I  },
    {   4.911354e-04f  +3.007337e-19f * _Complex_I,   4.857382e-05f  -8.413232e-05f * _Complex_I,   4.119959e-04f  +7.135978e-04f * _Complex_I,   2.158302e-03f  +1.585894e-18f * _Complex_I,   1.793065e-03f  -3.105680e-03f * _Complex_I,  -2.342619e-03f  -4.057536e-03f * _Complex_I,  -5.098171e-03f  -4.370421e-18f * _Complex_I,  -2.342619e-03f  +4.057536e-03f * _Complex_I,   1.793065e-03f  +3.105680e-03f * _Complex_I,   2.158302e-03f  +2.114526e-18f * _Complex_I,   4.119959e-04f  -7.135978e-04f * _Complex_I,   4.857382e-05f  +8.413232e-05f * _Complex_I,   4.911354e-04f  +5.413206e-19f * _Complex_I  },
    {  -2.061407e-04f  -1.009798e-19f * _Complex_I,   1.781918e-04f  -3.086372e-04f * _Complex_I,  -7.560696e-04f  -1.309551e-03f * _Complex_I,  -3.122224e-03f  -1.911811e-18f * _Complex_I,  -2.408084e-03f  +4.170924e-03f * _Complex_I,   3.054772e-03f  +5.291020e-03f * _Complex_I,   6.593808e-03f  +4.845052e-18f * _Complex_I,   3.054772e-03f  -5.291020e-03f * _Complex_I,  -2.408084e-03f  -4.170924e-03f * _Complex_I,  -3.122224e-03f  -2.676535e-18f * _Complex_I,  -7.560696e-04f  +1.309551e-03f * _Complex_I,   1.781918e-04f  +3.086372e-04f * _Complex_I,  -2.061407e-04f  -2.019597e-19f * _Complex_I  },
    {  -1.277825e-04f  -4.694652e-20f * _Complex_I,  -4.358205e-04f  +7.548633e-04f * _Complex_I,   1.135521e-03f  +1.966780e-03f * _Complex_I,   4.161582e-03f  +2.038587e-18f * _Complex_I,   3.061427e-03f  -5.302547e-03f * _Complex_I,  -3.805021e-03f  -6.590489e-03f * _Complex_I,  -8.165251e-03f  -4.999774e-18f * _Complex_I,  -3.805021e-03f  +6.590489e-03f * _Complex_I,   3.061427e-03f  +5.302547e-03f * _Complex_I,   4.161582e-03f  +3.057881e-18f * _Complex_I,   1.135521e-03f  -1.966780e-03f * _Complex_I,  -4.358205e-04f  -7.548633e-04f * _Complex_I,  -1.277825e-04f  -1.095419e-19f * _Complex_I  },
    {   4.788592e-04f  +1.172867e-19f * _Complex_I,   7.014960e-04f  -1.215027e-03f * _Complex_I,  -1.519231e-03f  -2.631385e-03f * _Complex_I,  -5.196435e-03f  -1.909139e-18f * _Complex_I,  -3.705084e-03f  +6.417394e-03f * _Complex_I,   4.539694e-03f  +7.862981e-03f * _Complex_I,   9.701065e-03f  +4.752152e-18f * _Complex_I,   4.539694e-03f  -7.862981e-03f * _Complex_I,  -3.705084e-03f  -6.417394e-03f * _Complex_I,  -5.196435e-03f  -3.181898e-18f * _Complex_I,  -1.519231e-03f  +2.631385e-03f * _Complex_I,   7.014960e-04f  +1.215027e-03f * _Complex_I,   4.788592e-04f  +3.518600e-19f * _Complex_I  },
    {  -8.091284e-04f  -9.908965e-20f * _Complex_I,  -9.483045e-04f  +1.642512e-03f * _Complex_I,   1.871034e-03f  +3.240726e-03f * _Complex_I,   6.135119e-03f  +1.502671e-18f * _Complex_I,   4.284574e-03f  -7.421100e-03f * _Complex_I,  -5.198267e-03f  -9.003663e-03f * _Complex_I,  -1.107585e-02f  -4.069202e-18f * _Complex_I,  -5.198267e-03f  +9.003663e-03f * _Complex_I,   4.284574e-03f  +7.421100e-03f * _Complex_I,   6.135119e-03f  +3.005341e-18f * _Complex_I,   1.871034e-03f  -3.240726e-03f * _Complex_I,  -9.483045e-04f  -1.642512e-03f * _Complex_I,  -8.091284e-04f  -4.954482e-19f * _Complex_I  },
    {   1.079836e-03f  +0.000000e+00f * _Complex_I,   1.148968e-03f  -1.990070e-03f * _Complex_I,  -2.154589e-03f  -3.731857e-03f * _Complex_I,  -6.886264e-03f  -8.433242e-19f * _Complex_I,  -4.745922e-03f  +8.220179e-03f * _Complex_I,   5.721010e-03f  +9.909079e-03f * _Complex_I,   1.216602e-02f  +2.979816e-18f * _Complex_I,   5.721010e-03f  -9.909079e-03f * _Complex_I,  -4.745922e-03f  -8.220179e-03f * _Complex_I,  -6.886264e-03f  -2.529972e-18f * _Complex_I,  -2.154589e-03f  +3.731857e-03f * _Complex_I,   1.148968e-03f  +1.990070e-03f * _Complex_I,   1.079836e-03f  +5.289673e-19f * _Complex_I  },
    {  -1.257488e-03f  +1.539979e-19f * _Complex_I,  -1.280010e-03f  +2.217042e-03f * _Complex_I,   2.338784e-03f  +4.050893e-03f * _Complex_I,   7.372030e-03f  +0.000000e+00f * _Complex_I,   5.043324e-03f  -8.735293e-03f * _Complex_I,  -6.057355e-03f  -1.049165e-02f * _Complex_I,  -1.286703e-02f  -1.575756e-18f * _Complex_I,  -6.057355e-03f  +1.049165e-02f * _Complex_I,   5.043324e-03f  +8.735293e-03f * _Complex_I,   7.372030e-03f  +1.805627e-18f * _Complex_I,   2.338784e-03f  -4.050893e-03f * _Complex_I,  -1.280010e-03f  -2.217042e-03f * _Complex_I,  -1.257488e-03f  -4.619937e-19f * _Complex_I  },
    {   1.319383e-03f  -3.231556e-19f * _Complex_I,   1.325560e-03f  -2.295937e-03f * _Complex_I,  -2.402650e-03f  -4.161511e-03f * _Complex_I,  -7.540097e-03f  +9.233956e-19f * _Complex_I,  -5.146062e-03f  +8.913241e-03f * _Complex_I,   6.173440e-03f  +1.069271e-02f * _Complex_I,   1.310890e-02f  +0.000000e+00f * _Complex_I,   6.173440e-03f  -1.069271e-02f * _Complex_I,  -5.146062e-03f  -8.913241e-03f * _Complex_I,  -7.540097e-03f  -9.233956e-19f * _Complex_I,  -2.402650e-03f  +4.161511e-03f * _Complex_I,   1.325560e-03f  +2.295937e-03f * _Complex_I,   1.319383e-03f  +3.231556e-19f * _Complex_I  },
    {  -1.257488e-03f  +4.619937e-19f * _Complex_I,  -1.280010e-03f  +2.217042e-03f * _Complex_I,   2.338784e-03f  +4.050893e-03f * _Complex_I,   7.372030e-03f  -1.805627e-18f * _Complex_I,   5.043324e-03f  -8.735293e-03f * _Complex_I,  -6.057355e-03f  -1.049165e-02f * _Complex_I,  -1.286703e-02f  +1.575756e-18f * _Complex_I,  -6.057355e-03f  +1.049165e-02f * _Complex_I,   5.043324e-03f  +8.735293e-03f * _Complex_I,   7.372030e-03f  +0.000000e+00f * _Complex_I,   2.338784e-03f  -4.050893e-03f * _Complex_I,  -1.280010e-03f  -2.217042e-03f * _Complex_I,  -1.257488e-03f  -1.539979e-19f * _Complex_I  },
    {   1.079836e-03f  -5.289673e-19f * _Complex_I,   1.148968e-03f  -1.990070e-03f * _Complex_I,  -2.154589e-03f  -3.731857e-03f * _Complex_I,  -6.886264e-03f  +2.529972e-18f * _Complex_I,  -4.745922e-03f  +8.220179e-03f * _Complex_I,   5.721010e-03f  +9.909079e-03f * _Complex_I,   1.216602e-02f  -2.979816e-18f * _Complex_I,   5.721010e-03f  -9.909079e-03f * _Complex_I,  -4.745922e-03f  -8.220179e-03f * _Complex_I,  -6.886264e-03f  +8.433242e-19f * _Complex_I,  -2.154589e-03f  +3.731857e-03f * _Complex_I,   1.148968e-03f  +1.990070e-03f * _Complex_I,   1.079836e-03f  +0.000000e+00f * _Complex_I  },
    {  -8.091284e-04f  +4.954482e-19f * _Complex_I,  -9.483045e-04f  +1.642512e-03f * _Complex_I,   1.871034e-03f  +3.240726e-03f * _Complex_I,   6.135119e-03f  -3.005341e-18f * _Complex_I,   4.284574e-03f  -7.421100e-03f * _Complex_I,  -5.198267e-03f  -9.003663e-03f * _Complex_I,  -1.107585e-02f  +4.069202e-18f * _Complex_I,  -5.198267e-03f  +9.003663e-03f * _Complex_I,   4.284574e-03f  +7.421100e-03f * _Complex_I,   6.135119e-03f  -1.502671e-18f * _Complex_I,   1.871034e-03f  -3.240726e-03f * _Complex_I,  -9.483045e-04f  -1.642512e-03f * _Complex_I,  -8.091284e-04f  +9.908965e-20f * _Complex_I  },
    {   4.788592e-04f  -3.518600e-19f * _Complex_I,   7.014960e-04f  -1.215027e-03f * _Complex_I,  -1.519231e-03f  -2.631385e-03f * _Complex_I,  -5.196435e-03f  +3.181898e-18f * _Complex_I,  -3.705084e-03f  +6.417394e-03f * _Complex_I,   4.539694e-03f  +7.862981e-03f * _Complex_I,   9.701065e-03f  -4.752152e-18f * _Complex_I,   4.539694e-03f  -7.862981e-03f * _Complex_I,  -3.705084e-03f  -6.417394e-03f * _Complex_I,  -5.196435e-03f  +1.909139e-18f * _Complex_I,  -1.519231e-03f  +2.631385e-03f * _Complex_I,   7.014960e-04f  +1.215027e-03f * _Complex_I,   4.788592e-04f  -1.172867e-19f * _Complex_I  },
    {  -1.277825e-04f  +1.095419e-19f * _Complex_I,  -4.358205e-04f  +7.548633e-04f * _Complex_I,   1.135521e-03f  +1.966780e-03f * _Complex_I,   4.161582e-03f  -3.057881e-18f * _Complex_I,   3.061427e-03f  -5.302547e-03f * _Complex_I,  -3.805021e-03f  -6.590489e-03f * _Complex_I,  -8.165251e-03f  +4.999774e-18f * _Complex_I,  -3.805021e-03f  +6.590489e-03f * _Complex_I,   3.061427e-03f  +5.302547e-03f * _Complex_I,   4.161582e-03f  -2.038587e-18f * _Complex_I,   1.135521e-03f  -1.966780e-03f * _Complex_I,  -4.358205e-04f  -7.548633e-04f * _Complex_I,  -1.277825e-04f  +4.694652e-20f * _Complex_I  },
    {  -2.061407e-04f  +2.019597e-19f * _Complex_I,   1.781918e-04f  -3.086372e-04f * _Complex_I,  -7.560696e-04f  -1.309551e-03f * _Complex_I,  -3.122224e-03f  +2.676535e-18f * _Complex_I,  -2.408084e-03f  +4.170924e-03f * _Complex_I,   3.054772e-03f  +5.291020e-03f * _Complex_I,   6.593808e-03f  -4.845052e-18f * _Complex_I,   3.054772e-03f  -5.291020e-03f * _Complex_I,  -2.408084e-03f  -4.170924e-03f * _Complex_I,  -3.122224e-03f  +1.911811e-18f * _Complex_I,  -7.560696e-04f  +1.309551e-03f * _Complex_I,   1.781918e-04f  +3.086372e-04f * _Complex_I,  -2.061407e-04f  +1.009798e-19f * _Complex_I  },
    {   4.911354e-04f  -5.413206e-19f * _Complex_I,   4.857382e-05f  -8.413232e-05f * _Complex_I,   4.119959e-04f  +7.135978e-04f * _Complex_I,   2.158302e-03f  -2.114526e-18f * _Complex_I,   1.793065e-03f  -3.105680e-03f * _Complex_I,  -2.342619e-03f  -4.057536e-03f * _Complex_I,  -5.098171e-03f  +4.370421e-18f * _Complex_I,  -2.342619e-03f  +4.057536e-03f * _Complex_I,   1.793065e-03f  +3.105680e-03f * _Complex_I,   2.158302e-03f  -1.585894e-18f * _Complex_I,   4.119959e-04f  -7.135978e-04f * _Complex_I,   4.857382e-05f  +8.413232e-05f * _Complex_I,   4.911354e-04f  -3.007337e-19f * _Complex_I  },
    {  -7.054100e-04f  +8.638781e-19f * _Complex_I,  -2.284136e-04f  +3.956240e-04f * _Complex_I,  -1.258600e-04f  -2.179959e-04f * _Complex_I,  -1.329273e-03f  +1.465101e-18f * _Complex_I,  -1.252754e-03f  +2.169833e-03f * _Complex_I,   1.709700e-03f  +2.961287e-03f * _Complex_I,   3.764067e-03f  -3.687722e-18f * _Complex_I,   1.709700e-03f  -2.961287e-03f * _Complex_I,  -1.252754e-03f  -2.169833e-03f * _Complex_I,  -1.329273e-03f  +1.139523e-18f * _Complex_I,  -1.258600e-04f  +2.179959e-04f * _Complex_I,  -2.284136e-04f  -3.956240e-04f * _Complex_I,  -7.054100e-04f  +5.183268e-19f * _Complex_I  },
    {   8.388466e-04f  -4.110202e-18f * _Complex_I,   3.532452e-04f  -6.118386e-04f * _Complex_I,  -9.002942e-05f  -1.559355e-04f * _Complex_I,   6.697140e-04f  -8.201632e-19f * _Complex_I,   8.092493e-04f  -1.401661e-03f * _Complex_I,  -1.181627e-03f  -2.046639e-03f * _Complex_I,  -2.645307e-03f  +2.915610e-18f * _Complex_I,  -1.181627e-03f  +2.046639e-03f * _Complex_I,   8.092493e-04f  +1.401661e-03f * _Complex_I,   6.697140e-04f  -6.561305e-19f * _Complex_I,  -9.002942e-05f  +1.559355e-04f * _Complex_I,   3.532452e-04f  +6.118386e-04f * _Complex_I,   8.388466e-04f  -7.191036e-19f * _Complex_I  },
    {  -8.925647e-04f  +1.311692e-18f * _Complex_I,  -4.227421e-04f  +7.322109e-04f * _Complex_I,   2.334497e-04f  +4.043467e-04f * _Complex_I,  -1.894221e-04f  +9.281350e-19f * _Complex_I,  -4.702828e-04f  +8.145537e-04f * _Complex_I,   7.683017e-04f  +1.330738e-03f * _Complex_I,   1.763316e-03f  -2.159440e-18f * _Complex_I,   7.683017e-04f  -1.330738e-03f * _Complex_I,  -4.702828e-04f  -8.145537e-04f * _Complex_I,  -1.894221e-04f  +2.087776e-19f * _Complex_I,   2.334497e-04f  -4.043467e-04f * _Complex_I,  -4.227421e-04f  -7.322109e-04f * _Complex_I,  -8.925647e-04f  +8.744612e-19f * _Complex_I  },
    {   8.767696e-04f  +1.719058e-18f * _Complex_I,   4.429313e-04f  -7.671796e-04f * _Complex_I,  -3.105744e-04f  -5.379307e-04f * _Complex_I,  -1.227558e-04f  +1.803989e-19f * _Complex_I,   2.312829e-04f  -4.005937e-04f * _Complex_I,  -4.660583e-04f  -8.072367e-04f * _Complex_I,  -1.111490e-03f  +5.446107e-18f * _Complex_I,  -4.660583e-04f  +8.072367e-04f * _Complex_I,   2.312829e-04f  +4.005937e-04f * _Complex_I,  -1.227558e-04f  +1.503324e-19f * _Complex_I,  -3.105744e-04f  +5.379307e-04f * _Complex_I,   4.429313e-04f  +7.671796e-04f * _Complex_I,   8.767696e-04f  -9.663597e-19f * _Complex_I  },
};
const float complex h5c[21][21] = { 
    {  -3.823776e-04f  +6.622975e-04f * _Complex_I,  -4.452464e-04f  -7.711894e-04f * _Complex_I,   1.020422e-03f  +1.499587e-18f * _Complex_I,  -5.753606e-04f  +9.965538e-04f * _Complex_I,  -6.385162e-04f  -1.105942e-03f * _Complex_I,   1.394681e-03f  +1.707992e-18f * _Complex_I,  -7.494786e-04f  +1.298135e-03f * _Complex_I,  -7.927108e-04f  -1.373015e-03f * _Complex_I,   1.650219e-03f  +7.479504e-18f * _Complex_I,  -8.451810e-04f  +1.463896e-03f * _Complex_I,  -8.519794e-04f  -1.475672e-03f * _Complex_I,   1.690362e-03f  +7.247430e-18f * _Complex_I,  -8.251095e-04f  +1.429132e-03f * _Complex_I,  -7.927108e-04f  -1.373015e-03f * _Complex_I,   1.498957e-03f  +3.396960e-18f * _Complex_I,  -6.973405e-04f  +1.207829e-03f * _Complex_I,  -6.385162e-04f  -1.105942e-03f * _Complex_I,   1.150721e-03f  +2.818454e-19f * _Complex_I,  -5.102108e-04f  +8.837110e-04f * _Complex_I,  -4.452464e-04f  -7.711894e-04f * _Complex_I,   7.647552e-04f  +0.000000e+00f * _Complex_I  },
    {  -4.452464e-04f  -7.711894e-04f * _Complex_I,   1.036904e-03f  +1.523809e-18f * _Complex_I,  -5.940973e-04f  +1.029007e-03f * _Complex_I,  -6.699588e-04f  -1.160403e-03f * _Complex_I,   1.486996e-03f  +1.821045e-18f * _Complex_I,  -8.119941e-04f  +1.406415e-03f * _Complex_I,  -8.727044e-04f  -1.511568e-03f * _Complex_I,   1.846089e-03f  +1.808646e-18f * _Complex_I,  -9.607703e-04f  +1.664103e-03f * _Complex_I,  -9.841418e-04f  -1.704584e-03f * _Complex_I,   1.984116e-03f  +1.457905e-18f * _Complex_I,  -9.841418e-04f  +1.704584e-03f * _Complex_I,  -9.607703e-04f  -1.664103e-03f * _Complex_I,   1.846089e-03f  +9.043230e-19f * _Complex_I,  -8.727044e-04f  +1.511568e-03f * _Complex_I,  -8.119941e-04f  -1.406415e-03f * _Complex_I,   1.486996e-03f  +3.642090e-19f * _Complex_I,  -6.699588e-04f  +1.160403e-03f * _Complex_I,  -5.940973e-04f  -1.029007e-03f * _Complex_I,   1.036904e-03f  +0.000000e+00f * _Complex_I,  -4.452464e-04f  +7.711894e-04f * _Complex_I  },
    {   1.020422e-03f  +1.499587e-18f * _Complex_I,  -5.940973e-04f  +1.029007e-03f * _Complex_I,  -6.807800e-04f  -1.179146e-03f * _Complex_I,   1.535420e-03f  +1.880348e-18f * _Complex_I,  -8.519794e-04f  +1.475672e-03f * _Complex_I,  -9.304694e-04f  -1.611620e-03f * _Complex_I,   2.000075e-03f  +1.959509e-18f * _Complex_I,  -1.057723e-03f  +1.832030e-03f * _Complex_I,  -1.100953e-03f  -1.906907e-03f * _Complex_I,   2.255469e-03f  +1.657292e-18f * _Complex_I,  -1.136806e-03f  +1.969005e-03f * _Complex_I,  -1.127735e-03f  -1.953294e-03f * _Complex_I,   2.201906e-03f  +1.078623e-18f * _Complex_I,  -1.057723e-03f  +1.832030e-03f * _Complex_I,  -1.000038e-03f  -1.732116e-03f * _Complex_I,   1.860939e-03f  +4.557986e-19f * _Complex_I,  -8.519794e-04f  +1.475672e-03f * _Complex_I,  -7.677102e-04f  -1.329713e-03f * _Complex_I,   1.361560e-03f  +0.000000e+00f * _Complex_I,  -5.940973e-04f  +1.029007e-03f * _Complex_I,  -5.102108e-04f  -8.837110e-04f * _Complex_I  },
    {  -5.753606e-04f  +9.965538e-04f * _Complex_I,  -6.699588e-04f  -1.160403e-03f * _Complex_I,   1.535420e-03f  +1.880348e-18f * _Complex_I,  -8.657406e-04f  +1.499507e-03f * _Complex_I,  -9.607703e-04f  -1.664103e-03f * _Complex_I,   2.098566e-03f  +9.511605e-18f * _Complex_I,  -1.127735e-03f  +1.953294e-03f * _Complex_I,  -1.192786e-03f  -2.065966e-03f * _Complex_I,   2.483072e-03f  +1.064617e-17f * _Complex_I,  -1.271737e-03f  +2.202713e-03f * _Complex_I,  -1.281967e-03f  -2.220431e-03f * _Complex_I,   2.543474e-03f  +5.764061e-18f * _Complex_I,  -1.241536e-03f  +2.150403e-03f * _Complex_I,  -1.192786e-03f  -2.065966e-03f * _Complex_I,   2.255469e-03f  +4.558949e-18f * _Complex_I,  -1.049283e-03f  +1.817411e-03f * _Complex_I,  -9.607703e-04f  -1.664103e-03f * _Complex_I,   1.731481e-03f  +0.000000e+00f * _Complex_I,  -7.677102e-04f  +1.329713e-03f * _Complex_I,  -6.699588e-04f  -1.160403e-03f * _Complex_I,   1.150721e-03f  -2.818454e-19f * _Complex_I  },
    {  -6.385162e-04f  -1.105942e-03f * _Complex_I,   1.486996e-03f  +1.821045e-18f * _Complex_I,  -8.519794e-04f  +1.475672e-03f * _Complex_I,  -9.607703e-04f  -1.664103e-03f * _Complex_I,   2.132462e-03f  +2.089210e-18f * _Complex_I,  -1.164459e-03f  +2.016903e-03f * _Complex_I,  -1.251522e-03f  -2.167700e-03f * _Complex_I,   2.647428e-03f  +1.945299e-18f * _Complex_I,  -1.377815e-03f  +2.386446e-03f * _Complex_I,  -1.411332e-03f  -2.444498e-03f * _Complex_I,   2.845368e-03f  +1.393829e-18f * _Complex_I,  -1.411332e-03f  +2.444498e-03f * _Complex_I,  -1.377815e-03f  -2.386446e-03f * _Complex_I,   2.647428e-03f  +6.484329e-19f * _Complex_I,  -1.251522e-03f  +2.167700e-03f * _Complex_I,  -1.164459e-03f  -2.016903e-03f * _Complex_I,   2.132462e-03f  +0.000000e+00f * _Complex_I,  -9.607703e-04f  +1.664103e-03f * _Complex_I,  -8.519794e-04f  -1.475672e-03f * _Complex_I,   1.486996e-03f  -3.642090e-19f * _Complex_I,  -6.385162e-04f  +1.105942e-03f * _Complex_I  },
    {   1.394681e-03f  +1.707992e-18f * _Complex_I,  -8.119941e-04f  +1.406415e-03f * _Complex_I,  -9.304694e-04f  -1.611620e-03f * _Complex_I,   2.098566e-03f  +9.511605e-18f * _Complex_I,  -1.164459e-03f  +2.016903e-03f * _Complex_I,  -1.271737e-03f  -2.202713e-03f * _Complex_I,   2.733642e-03f  +2.008648e-18f * _Complex_I,  -1.445664e-03f  +2.503963e-03f * _Complex_I,  -1.504749e-03f  -2.606302e-03f * _Complex_I,   3.082706e-03f  +6.986077e-18f * _Complex_I,  -1.553751e-03f  +2.691176e-03f * _Complex_I,  -1.541353e-03f  -2.669702e-03f * _Complex_I,   3.009498e-03f  +3.410086e-18f * _Complex_I,  -1.445664e-03f  +2.503963e-03f * _Complex_I,  -1.366821e-03f  -2.367404e-03f * _Complex_I,   2.543474e-03f  +0.000000e+00f * _Complex_I,  -1.164459e-03f  +2.016903e-03f * _Complex_I,  -1.049283e-03f  -1.817411e-03f * _Complex_I,   1.860939e-03f  -4.557986e-19f * _Complex_I,  -8.119941e-04f  +1.406415e-03f * _Complex_I,  -6.973405e-04f  -1.207829e-03f * _Complex_I  },
    {  -7.494786e-04f  +1.298135e-03f * _Complex_I,  -8.727044e-04f  -1.511568e-03f * _Complex_I,   2.000075e-03f  +1.959509e-18f * _Complex_I,  -1.127735e-03f  +1.953294e-03f * _Complex_I,  -1.251522e-03f  -2.167700e-03f * _Complex_I,   2.733642e-03f  +2.008648e-18f * _Complex_I,  -1.469014e-03f  +2.544407e-03f * _Complex_I,  -1.553751e-03f  -2.691176e-03f * _Complex_I,   3.234509e-03f  +1.584452e-18f * _Complex_I,  -1.656595e-03f  +2.869307e-03f * _Complex_I,  -1.669921e-03f  -2.892387e-03f * _Complex_I,   3.313191e-03f  +8.114977e-19f * _Complex_I,  -1.617254e-03f  +2.801167e-03f * _Complex_I,  -1.553751e-03f  -2.691176e-03f * _Complex_I,   2.938028e-03f  +0.000000e+00f * _Complex_I,  -1.366821e-03f  +2.367404e-03f * _Complex_I,  -1.251522e-03f  -2.167700e-03f * _Complex_I,   2.255469e-03f  -4.558949e-18f * _Complex_I,  -1.000038e-03f  +1.732116e-03f * _Complex_I,  -8.727044e-04f  -1.511568e-03f * _Complex_I,   1.498957e-03f  -3.396960e-18f * _Complex_I  },
    {  -7.927108e-04f  -1.373015e-03f * _Complex_I,   1.846089e-03f  +1.808646e-18f * _Complex_I,  -1.057723e-03f  +1.832030e-03f * _Complex_I,  -1.192786e-03f  -2.065966e-03f * _Complex_I,   2.647428e-03f  +1.945299e-18f * _Complex_I,  -1.445664e-03f  +2.503963e-03f * _Complex_I,  -1.553751e-03f  -2.691176e-03f * _Complex_I,   3.286753e-03f  +1.610045e-18f * _Complex_I,  -1.710543e-03f  +2.962747e-03f * _Complex_I,  -1.752153e-03f  -3.034818e-03f * _Complex_I,   3.532494e-03f  +8.652114e-19f * _Complex_I,  -1.752153e-03f  +3.034818e-03f * _Complex_I,  -1.710543e-03f  -2.962747e-03f * _Complex_I,   3.286753e-03f  +0.000000e+00f * _Complex_I,  -1.553751e-03f  +2.691176e-03f * _Complex_I,  -1.445664e-03f  -2.503963e-03f * _Complex_I,   2.647428e-03f  -6.484329e-19f * _Complex_I,  -1.192786e-03f  +2.065966e-03f * _Complex_I,  -1.057723e-03f  -1.832030e-03f * _Complex_I,   1.846089e-03f  -9.043230e-19f * _Complex_I,  -7.927108e-04f  +1.373015e-03f * _Complex_I  },
    {   1.650219e-03f  +7.479504e-18f * _Complex_I,  -9.607703e-04f  +1.664103e-03f * _Complex_I,  -1.100953e-03f  -1.906907e-03f * _Complex_I,   2.483072e-03f  +1.064617e-17f * _Complex_I,  -1.377815e-03f  +2.386446e-03f * _Complex_I,  -1.504749e-03f  -2.606302e-03f * _Complex_I,   3.234509e-03f  +1.584452e-18f * _Complex_I,  -1.710543e-03f  +2.962747e-03f * _Complex_I,  -1.780454e-03f  -3.083837e-03f * _Complex_I,   3.647530e-03f  +8.933871e-19f * _Complex_I,  -1.838435e-03f  +3.184262e-03f * _Complex_I,  -1.823765e-03f  -3.158853e-03f * _Complex_I,   3.560908e-03f  +0.000000e+00f * _Complex_I,  -1.710543e-03f  +2.962747e-03f * _Complex_I,  -1.617254e-03f  -2.801167e-03f * _Complex_I,   3.009498e-03f  -3.410086e-18f * _Complex_I,  -1.377815e-03f  +2.386446e-03f * _Complex_I,  -1.241536e-03f  -2.150403e-03f * _Complex_I,   2.201906e-03f  -1.078623e-18f * _Complex_I,  -9.607703e-04f  +1.664103e-03f * _Complex_I,  -8.251095e-04f  -1.429132e-03f * _Complex_I  },
    {  -8.451810e-04f  +1.463896e-03f * _Complex_I,  -9.841418e-04f  -1.704584e-03f * _Complex_I,   2.255469e-03f  +1.657292e-18f * _Complex_I,  -1.271737e-03f  +2.202713e-03f * _Complex_I,  -1.411332e-03f  -2.444498e-03f * _Complex_I,   3.082706e-03f  +6.986077e-18f * _Complex_I,  -1.656595e-03f  +2.869307e-03f * _Complex_I,  -1.752153e-03f  -3.034818e-03f * _Complex_I,   3.647530e-03f  +8.933871e-19f * _Complex_I,  -1.868129e-03f  +3.235695e-03f * _Complex_I,  -1.883156e-03f  -3.261722e-03f * _Complex_I,   3.736259e-03f  +0.000000e+00f * _Complex_I,  -1.823765e-03f  +3.158853e-03f * _Complex_I,  -1.752153e-03f  -3.034818e-03f * _Complex_I,   3.313191e-03f  -8.114977e-19f * _Complex_I,  -1.541353e-03f  +2.669702e-03f * _Complex_I,  -1.411332e-03f  -2.444498e-03f * _Complex_I,   2.543474e-03f  -5.764061e-18f * _Complex_I,  -1.127735e-03f  +1.953294e-03f * _Complex_I,  -9.841418e-04f  -1.704584e-03f * _Complex_I,   1.690362e-03f  -7.247430e-18f * _Complex_I  },
    {  -8.519794e-04f  -1.475672e-03f * _Complex_I,   1.984116e-03f  +1.457905e-18f * _Complex_I,  -1.136806e-03f  +1.969005e-03f * _Complex_I,  -1.281967e-03f  -2.220431e-03f * _Complex_I,   2.845368e-03f  +1.393829e-18f * _Complex_I,  -1.553751e-03f  +2.691176e-03f * _Complex_I,  -1.669921e-03f  -2.892387e-03f * _Complex_I,   3.532494e-03f  +8.652114e-19f * _Complex_I,  -1.838435e-03f  +3.184262e-03f * _Complex_I,  -1.883156e-03f  -3.261722e-03f * _Complex_I,   3.796607e-03f  +0.000000e+00f * _Complex_I,  -1.883156e-03f  +3.261722e-03f * _Complex_I,  -1.838435e-03f  -3.184262e-03f * _Complex_I,   3.532494e-03f  -8.652114e-19f * _Complex_I,  -1.669921e-03f  +2.892387e-03f * _Complex_I,  -1.553751e-03f  -2.691176e-03f * _Complex_I,   2.845368e-03f  -1.393829e-18f * _Complex_I,  -1.281967e-03f  +2.220431e-03f * _Complex_I,  -1.136806e-03f  -1.969005e-03f * _Complex_I,   1.984116e-03f  -1.457905e-18f * _Complex_I,  -8.519794e-04f  +1.475672e-03f * _Complex_I  },
    {   1.690362e-03f  +7.247430e-18f * _Complex_I,  -9.841418e-04f  +1.704584e-03f * _Complex_I,  -1.127735e-03f  -1.953294e-03f * _Complex_I,   2.543474e-03f  +5.764061e-18f * _Complex_I,  -1.411332e-03f  +2.444498e-03f * _Complex_I,  -1.541353e-03f  -2.669702e-03f * _Complex_I,   3.313191e-03f  +8.114977e-19f * _Complex_I,  -1.752153e-03f  +3.034818e-03f * _Complex_I,  -1.823765e-03f  -3.158853e-03f * _Complex_I,   3.736259e-03f  +0.000000e+00f * _Complex_I,  -1.883156e-03f  +3.261722e-03f * _Complex_I,  -1.868129e-03f  -3.235695e-03f * _Complex_I,   3.647530e-03f  -8.933871e-19f * _Complex_I,  -1.752153e-03f  +3.034818e-03f * _Complex_I,  -1.656595e-03f  -2.869307e-03f * _Complex_I,   3.082706e-03f  -6.986077e-18f * _Complex_I,  -1.411332e-03f  +2.444498e-03f * _Complex_I,  -1.271737e-03f  -2.202713e-03f * _Complex_I,   2.255469e-03f  -1.657292e-18f * _Complex_I,  -9.841418e-04f  +1.704584e-03f * _Complex_I,  -8.451810e-04f  -1.463896e-03f * _Complex_I  },
